# I(Q)
#Q (1/A)        I (1/cm)        dI (1/cm)       dQ (1/A)
6.000000E-03	8.185087E+00	2.276852E-01	1.178057E-03
6.293041E-03	7.828940E+00	1.363676E-01	1.199866E-03
6.600394E-03	7.380881E+00	1.238684E-01	1.202259E-03
6.922758E-03	7.093019E+00	1.079170E-01	1.206886E-03
7.260867E-03	6.822236E+00	9.948955E-02	1.212485E-03
7.615488E-03	6.395971E+00	9.193692E-02	1.218900E-03
7.987430E-03	6.203498E+00	8.595804E-02	1.215864E-03
8.377537E-03	6.084448E+00	8.116331E-02	1.216762E-03
8.786697E-03	5.864361E+00	7.547703E-02	1.216105E-03
9.215841E-03	5.704133E+00	7.142726E-02	1.221434E-03
9.665944E-03	5.605675E+00	6.738347E-02	1.215208E-03
1.013803E-02	5.489074E+00	6.365063E-02	1.220525E-03
1.063317E-02	5.338801E+00	5.959250E-02	1.221026E-03
1.115250E-02	5.390672E+00	5.729615E-02	1.223207E-03
1.169719E-02	5.136513E+00	5.317462E-02	1.220163E-03
1.226848E-02	5.177582E+00	5.053427E-02	1.227521E-03
1.286767E-02	5.161147E+00	4.860005E-02	1.224531E-03
1.349613E-02	5.214683E+00	4.664546E-02	1.224330E-03
1.415529E-02	5.129553E+00	4.383434E-02	1.226631E-03
1.484663E-02	5.102452E+00	4.147174E-02	1.229056E-03
1.557174E-02	5.144542E+00	3.991563E-02	1.230811E-03
1.633227E-02	5.122016E+00	3.804799E-02	1.231054E-03
1.712994E-02	5.158458E+00	3.618350E-02	1.233674E-03
1.796657E-02	5.205772E+00	3.469864E-02	1.231429E-03
1.884406E-02	5.301401E+00	3.337222E-02	1.235949E-03
1.976441E-02	5.398078E+00	3.213793E-02	1.240351E-03
2.072970E-02	5.458605E+00	3.087120E-02	1.241910E-03
2.174214E-02	5.579029E+00	2.963673E-02	1.242413E-03
2.280403E-02	5.656155E+00	2.869896E-02	1.245792E-03
2.391779E-02	5.912783E+00	2.778666E-02	1.248943E-03
2.508593E-02	6.113789E+00	2.686529E-02	1.254835E-03
2.631113E-02	6.308870E+00	2.599455E-02	1.256653E-03
2.759617E-02	6.716549E+00	2.549421E-02	1.261908E-03
2.894398E-02	6.973867E+00	2.477550E-02	1.265803E-03
3.035760E-02	7.482127E+00	2.433510E-02	1.271250E-03
3.184027E-02	8.008718E+00	2.408944E-02	1.276595E-03
3.339536E-02	8.684056E+00	2.373662E-02	1.282965E-03
3.502639E-02	9.579574E+00	2.383394E-02	1.290409E-03
3.673708E-02	1.067943E+01	2.400113E-02	1.297520E-03
3.853133E-02	1.203794E+01	2.420358E-02	1.304486E-03
4.041320E-02	1.394760E+01	2.484673E-02	1.313700E-03
4.238699E-02	1.648731E+01	2.567865E-02	1.323289E-03
4.445718E-02	1.950752E+01	2.666979E-02	1.332878E-03
4.662847E-02	2.332014E+01	2.770908E-02	1.344101E-03
4.890581E-02	2.747280E+01	2.865627E-02	1.357343E-03
5.129438E-02	3.081897E+01	2.892529E-02	1.371464E-03
5.379961E-02	3.170247E+01	2.791832E-02	1.385656E-03
5.642719E-02	2.887512E+01	2.549466E-02	1.402697E-03
5.918310E-02	2.362800E+01	2.200868E-02	1.421836E-03
6.144700E-02	1.855666E+01	2.643753E-02	6.208619E-03
6.207361E-02	1.797364E+01	1.853424E-02	1.447567E-03
6.389249E-02	1.628129E+01	2.305750E-02	6.319843E-03
6.643531E-02	1.352338E+01	2.066514E-02	6.270707E-03
6.907933E-02	1.117348E+01	1.757197E-02	6.275628E-03
7.182858E-02	8.752514E+00	1.531792E-02	6.303740E-03
7.468724E-02	7.039698E+00	1.270010E-02	6.311723E-03
7.765968E-02	5.454008E+00	1.124295E-02	6.335621E-03
8.075041E-02	4.517631E+00	9.729026E-03	6.380099E-03
8.396415E-02	3.641506E+00	8.253121E-03	6.397620E-03
8.730579E-02	2.995194E+00	7.348527E-03	6.399321E-03
9.078042E-02	2.567247E+00	6.609686E-03	6.456590E-03
9.439334E-02	2.207872E+00	5.903102E-03	6.483107E-03
9.815004E-02	1.925556E+00	5.360198E-03	6.487301E-03
1.020563E-01	1.698738E+00	4.787703E-03	6.542297E-03
1.061179E-01	1.515197E+00	4.420137E-03	6.591002E-03
1.103413E-01	1.358039E+00	4.142948E-03	6.615753E-03
1.147327E-01	1.227234E+00	3.685228E-03	6.643203E-03
1.192989E-01	1.106976E+00	3.423097E-03	6.720235E-03
1.240468E-01	1.014463E+00	3.181956E-03	6.752264E-03
1.289836E-01	9.276892E-01	2.942845E-03	6.796353E-03
1.341170E-01	8.557916E-01	2.764602E-03	6.855227E-03
1.394546E-01	7.945672E-01	2.539859E-03	6.909123E-03
1.450047E-01	7.484517E-01	2.410205E-03	6.978392E-03
1.507756E-01	7.048047E-01	2.238401E-03	7.040800E-03
1.567763E-01	6.662917E-01	2.118241E-03	7.119016E-03
1.630157E-01	6.355692E-01	2.000657E-03	7.178935E-03
1.695035E-01	6.005697E-01	1.868730E-03	7.275285E-03
1.762495E-01	5.709369E-01	1.777353E-03	7.340283E-03
1.832639E-01	5.473634E-01	1.664756E-03	7.450760E-03
1.905575E-01	5.225588E-01	1.582157E-03	7.551731E-03
1.981414E-01	5.018080E-01	1.505607E-03	7.648441E-03
2.060271E-01	4.859828E-01	1.417386E-03	7.768506E-03
2.142267E-01	4.682526E-01	1.352939E-03	7.883892E-03
2.227526E-01	4.546339E-01	1.279692E-03	8.012237E-03
2.316178E-01	4.453551E-01	1.231796E-03	8.147250E-03
2.408358E-01	4.373758E-01	1.169385E-03	8.287654E-03
2.504207E-01	4.272088E-01	1.121360E-03	8.442421E-03
2.603870E-01	4.203376E-01	1.067134E-03	8.603405E-03
2.707500E-01	4.139234E-01	1.020190E-03	8.776892E-03
2.815254E-01	4.108075E-01	9.784492E-04	8.949721E-03
2.927297E-01	4.055191E-01	9.357237E-04	9.149200E-03
3.043799E-01	4.004433E-01	8.955397E-04	9.352717E-03
3.164937E-01	3.986841E-01	8.610716E-04	9.567245E-03
3.290897E-01	3.941686E-01	8.260140E-04	9.786523E-03
3.421869E-01	3.906908E-01	7.892209E-04	1.003363E-02
3.558054E-01	3.855714E-01	7.599021E-04	1.028955E-02
3.699659E-01	3.822201E-01	7.360206E-04	1.057582E-02
3.846899E-01	3.796692E-01	7.198568E-04	1.088806E-02
4.000000E-01	3.797990E-01	1.003473E-03	1.114131E-02
