# I(Q)
#Q (1/A)        I (1/cm)        dI (1/cm)       dQ (1/A)
6.000000E-03	6.731778E+00	2.144323E-01	1.181850E-03
6.293041E-03	6.053934E+00	1.245673E-01	1.205461E-03
6.600394E-03	5.994751E+00	1.156416E-01	1.207147E-03
6.922758E-03	5.594791E+00	9.958499E-02	1.205989E-03
7.260867E-03	5.252403E+00	9.063296E-02	1.216982E-03
7.615488E-03	5.184574E+00	8.581907E-02	1.221380E-03
7.987430E-03	4.952366E+00	7.955682E-02	1.219875E-03
8.377537E-03	4.588733E+00	7.313775E-02	1.221041E-03
8.786697E-03	4.482793E+00	6.844868E-02	1.220761E-03
9.215841E-03	4.476445E+00	6.552890E-02	1.225360E-03
9.665944E-03	4.283555E+00	6.099522E-02	1.216535E-03
1.013803E-02	4.140388E+00	5.725967E-02	1.226580E-03
1.063317E-02	4.065924E+00	5.389928E-02	1.223893E-03
1.115250E-02	3.998378E+00	5.119275E-02	1.224739E-03
1.169719E-02	3.917154E+00	4.810855E-02	1.222860E-03
1.226848E-02	3.920052E+00	4.552216E-02	1.230282E-03
1.286767E-02	3.880547E+00	4.366644E-02	1.228094E-03
1.349613E-02	3.844822E+00	4.153164E-02	1.226500E-03
1.415529E-02	3.788934E+00	3.902845E-02	1.229088E-03
1.484663E-02	3.756841E+00	3.689770E-02	1.233508E-03
1.557174E-02	3.812063E+00	3.559075E-02	1.235229E-03
1.633227E-02	3.745600E+00	3.370391E-02	1.233719E-03
1.712994E-02	3.813944E+00	3.222412E-02	1.237304E-03
1.796657E-02	3.834193E+00	3.084023E-02	1.235644E-03
1.884406E-02	3.903579E+00	2.964632E-02	1.240060E-03
1.976441E-02	3.891064E+00	2.824978E-02	1.244602E-03
2.072970E-02	3.946042E+00	2.716271E-02	1.246137E-03
2.174214E-02	4.045660E+00	2.612367E-02	1.246276E-03
2.280403E-02	4.151735E+00	2.542744E-02	1.250345E-03
2.391779E-02	4.232831E+00	2.433690E-02	1.252444E-03
2.508593E-02	4.349756E+00	2.344744E-02	1.257300E-03
2.631113E-02	4.496443E+00	2.269805E-02	1.260135E-03
2.759617E-02	4.757975E+00	2.217899E-02	1.265018E-03
2.894398E-02	4.982162E+00	2.163480E-02	1.269224E-03
3.035760E-02	5.333416E+00	2.122177E-02	1.274241E-03
3.184027E-02	5.702928E+00	2.098964E-02	1.279426E-03
3.339536E-02	6.115855E+00	2.055928E-02	1.285602E-03
3.502639E-02	6.683440E+00	2.053347E-02	1.293721E-03
3.673708E-02	7.456482E+00	2.067474E-02	1.299902E-03
3.853133E-02	8.468531E+00	2.091591E-02	1.306657E-03
4.041320E-02	9.757906E+00	2.140140E-02	1.316023E-03
4.238699E-02	1.146727E+01	2.204215E-02	1.325313E-03
4.445718E-02	1.364604E+01	2.294493E-02	1.334173E-03
4.662847E-02	1.652160E+01	2.397683E-02	1.345428E-03
4.890581E-02	1.976763E+01	2.497896E-02	1.358435E-03
5.129438E-02	2.282424E+01	2.557054E-02	1.372886E-03
5.379961E-02	2.413812E+01	2.502189E-02	1.386753E-03
5.642719E-02	2.265696E+01	2.319701E-02	1.403951E-03
5.918310E-02	1.876552E+01	2.015139E-02	1.423262E-03
6.144700E-02	1.478418E+01	2.416077E-02	6.211607E-03
6.207361E-02	1.435034E+01	1.702066E-02	1.449245E-03
6.389249E-02	1.309102E+01	2.119376E-02	6.322828E-03
6.643531E-02	1.096347E+01	1.909790E-02	6.274690E-03
6.907933E-02	9.109728E+00	1.630574E-02	6.278669E-03
7.182858E-02	7.160797E+00	1.425632E-02	6.308236E-03
7.468724E-02	5.806978E+00	1.188440E-02	6.313678E-03
7.765968E-02	4.538446E+00	1.058046E-02	6.337045E-03
8.075041E-02	3.758262E+00	9.162914E-03	6.378955E-03
8.396415E-02	3.081075E+00	7.846533E-03	6.396456E-03
8.730579E-02	2.589822E+00	7.065996E-03	6.401679E-03
9.078042E-02	2.255545E+00	6.408631E-03	6.456027E-03
9.439334E-02	1.972051E+00	5.771638E-03	6.484051E-03
9.815004E-02	1.747375E+00	5.281956E-03	6.492421E-03
1.020563E-01	1.577068E+00	4.769082E-03	6.545675E-03
1.061179E-01	1.428979E+00	4.435722E-03	6.595073E-03
1.103413E-01	1.308097E+00	4.198083E-03	6.617455E-03
1.147327E-01	1.194185E+00	3.751331E-03	6.648042E-03
1.192989E-01	1.101877E+00	3.519338E-03	6.723159E-03
1.240468E-01	1.014506E+00	3.277825E-03	6.757296E-03
1.289836E-01	9.478453E-01	3.058840E-03	6.796790E-03
1.341170E-01	8.854661E-01	2.888031E-03	6.856654E-03
1.394546E-01	8.412152E-01	2.678112E-03	6.913582E-03
1.450047E-01	7.992602E-01	2.549541E-03	6.982046E-03
1.507756E-01	7.623643E-01	2.378856E-03	7.041138E-03
1.567763E-01	7.309897E-01	2.263391E-03	7.121789E-03
1.630157E-01	6.995639E-01	2.139714E-03	7.182840E-03
1.695035E-01	6.727143E-01	2.011705E-03	7.277070E-03
1.762495E-01	6.512225E-01	1.925972E-03	7.341999E-03
1.832639E-01	6.353886E-01	1.815611E-03	7.449441E-03
1.905575E-01	6.113015E-01	1.729361E-03	7.556424E-03
1.981414E-01	5.978571E-01	1.656586E-03	7.650469E-03
2.060271E-01	5.825247E-01	1.562267E-03	7.770968E-03
2.142267E-01	5.690589E-01	1.498014E-03	7.886842E-03
2.227526E-01	5.576310E-01	1.421280E-03	8.015080E-03
2.316178E-01	5.491904E-01	1.370230E-03	8.149271E-03
2.408358E-01	5.398038E-01	1.300720E-03	8.291545E-03
2.504207E-01	5.334763E-01	1.252157E-03	8.444656E-03
2.603870E-01	5.300728E-01	1.195790E-03	8.602265E-03
2.707500E-01	5.238373E-01	1.144231E-03	8.779842E-03
2.815254E-01	5.206477E-01	1.097951E-03	8.952395E-03
2.927297E-01	5.148462E-01	1.050357E-03	9.148596E-03
3.043799E-01	5.137372E-01	1.008876E-03	9.355011E-03
3.164937E-01	5.110228E-01	9.697535E-04	9.569758E-03
3.290897E-01	5.085169E-01	9.321362E-04	9.786835E-03
3.421869E-01	5.041942E-01	8.907198E-04	1.003512E-02
3.558054E-01	5.022103E-01	8.602584E-04	1.028870E-02
3.699659E-01	4.984158E-01	8.333792E-04	1.057730E-02
3.846899E-01	4.950940E-01	8.150148E-04	1.088888E-02
4.000000E-01	4.967914E-01	1.137164E-03	1.114755E-02
