# I(Q)
#Q (1/A)        I (1/cm)        dI (1/cm)       dQ (1/A)
5.523339E-03	5.287112E+00	4.739334E+00	1.042983E-03
5.697430E-03	3.855366E+00	1.847426E+00	1.050950E-03
5.877007E-03	4.131174E+00	1.175318E+00	1.066209E-03
6.062245E-03	4.305837E+00	8.756025E-01	1.074861E-03
6.253321E-03	5.709486E+00	6.828281E-01	1.083212E-03
6.450420E-03	4.806342E+00	5.165767E-01	1.098107E-03
6.653731E-03	4.463749E+00	4.467262E-01	1.106510E-03
6.863450E-03	4.077846E+00	3.647809E-01	1.116512E-03
7.079780E-03	3.612665E+00	3.046525E-01	1.131481E-03
7.302928E-03	3.796588E+00	2.726751E-01	1.143767E-03
7.533109E-03	3.057721E+00	2.482521E-01	1.149416E-03
7.770545E-03	3.455036E+00	2.337827E-01	1.157495E-03
8.015466E-03	3.177023E+00	2.208799E-01	1.162925E-03
8.268105E-03	3.474962E+00	2.118816E-01	1.162240E-03
8.528708E-03	3.247748E+00	2.001691E-01	1.168841E-03
8.797525E-03	3.070345E+00	1.899270E-01	1.168403E-03
9.074815E-03	3.069277E+00	1.881423E-01	1.164613E-03
9.360844E-03	3.026259E+00	1.805277E-01	1.169070E-03
9.655889E-03	3.255108E+00	1.761346E-01	1.167774E-03
9.960234E-03	2.909795E+00	1.659823E-01	1.167110E-03
1.027417E-02	2.874493E+00	1.631712E-01	1.166675E-03
1.059800E-02	3.193521E+00	1.581878E-01	1.167801E-03
1.093204E-02	3.097905E+00	1.539948E-01	1.166502E-03
1.127661E-02	2.814689E+00	1.473964E-01	1.168090E-03
1.163204E-02	2.981734E+00	1.429733E-01	1.167961E-03
1.199867E-02	2.852264E+00	1.402606E-01	1.166492E-03
1.237685E-02	2.827906E+00	1.357137E-01	1.167745E-03
1.276696E-02	2.826132E+00	1.296214E-01	1.168230E-03
1.316936E-02	2.843692E+00	1.277723E-01	1.166892E-03
1.358445E-02	2.767807E+00	1.245870E-01	1.167311E-03
1.401262E-02	2.622467E+00	1.194799E-01	1.170687E-03
1.445428E-02	2.683465E+00	1.170350E-01	1.169147E-03
1.490987E-02	2.582896E+00	1.135393E-01	1.170466E-03
1.537981E-02	2.737482E+00	1.106349E-01	1.169484E-03
1.586457E-02	2.752528E+00	1.079330E-01	1.168292E-03
1.636461E-02	2.718175E+00	1.053255E-01	1.168189E-03
1.688040E-02	2.707624E+00	1.017385E-01	1.169673E-03
1.741246E-02	2.887011E+00	9.985735E-02	1.168356E-03
1.796128E-02	2.804542E+00	9.777791E-02	1.167318E-03
1.852740E-02	2.833168E+00	9.347047E-02	1.168664E-03
1.911137E-02	2.792794E+00	9.092565E-02	1.167982E-03
1.971374E-02	2.978002E+00	8.840629E-02	1.167866E-03
2.033510E-02	2.965085E+00	8.598164E-02	1.167198E-03
2.097604E-02	2.867814E+00	8.298270E-02	1.166368E-03
2.163719E-02	2.966479E+00	8.030858E-02	1.166752E-03
2.231917E-02	3.005030E+00	7.798691E-02	1.167971E-03
2.302265E-02	3.103398E+00	7.590745E-02	1.169385E-03
2.374830E-02	3.129077E+00	7.376187E-02	1.168833E-03
2.449683E-02	3.130249E+00	7.142309E-02	1.169287E-03
2.526895E-02	3.301504E+00	6.926876E-02	1.168807E-03
2.606540E-02	3.369229E+00	6.698029E-02	1.169113E-03
2.688696E-02	3.349028E+00	6.450462E-02	1.169665E-03
2.773441E-02	3.506993E+00	6.321757E-02	1.169129E-03
2.860857E-02	3.549581E+00	6.123437E-02	1.168499E-03
2.951028E-02	3.626404E+00	5.972212E-02	1.168724E-03
3.044042E-02	3.814468E+00	5.865045E-02	1.168767E-03
3.093738E-02	3.817926E+00	3.004941E-02	4.375941E-03
3.139987E-02	3.923078E+00	5.706155E-02	1.168771E-03
3.205756E-02	3.993491E+00	2.785289E-02	4.381316E-03
3.238957E-02	4.029167E+00	5.527756E-02	1.168669E-03
3.321829E-02	4.247984E+00	2.670913E-02	4.438390E-03
3.341046E-02	4.277130E+00	5.420040E-02	1.168125E-03
3.442106E-02	4.472180E+00	2.539161E-02	4.444261E-03
3.446352E-02	4.414400E+00	5.234625E-02	1.169196E-03
3.566737E-02	4.704740E+00	2.469436E-02	4.500376E-03
3.695881E-02	5.032133E+00	2.357621E-02	4.524171E-03
3.829701E-02	5.414993E+00	2.329456E-02	4.554033E-03
3.968367E-02	5.810094E+00	2.292645E-02	4.554381E-03
4.112053E-02	6.212168E+00	2.267079E-02	4.583615E-03
4.260942E-02	6.706408E+00	2.244309E-02	4.610155E-03
4.415221E-02	7.276871E+00	2.185098E-02	4.637840E-03
4.575087E-02	7.836997E+00	2.216616E-02	4.652247E-03
4.740742E-02	8.442752E+00	2.191957E-02	4.642798E-03
4.912394E-02	9.001885E+00	2.188432E-02	4.670662E-03
5.090261E-02	9.516056E+00	2.126050E-02	4.691027E-03
5.274569E-02	9.855982E+00	2.104040E-02	4.685184E-03
5.465550E-02	9.997032E+00	2.039199E-02	4.703235E-03
5.663446E-02	9.930547E+00	1.957157E-02	4.695010E-03
5.868508E-02	9.505089E+00	1.868392E-02	4.686783E-03
6.080994E-02	8.893291E+00	1.729809E-02	4.703338E-03
6.301174E-02	8.107213E+00	1.624004E-02	4.722855E-03
6.529326E-02	7.155949E+00	1.455944E-02	4.709899E-03
6.765739E-02	6.193581E+00	1.314005E-02	4.734334E-03
7.010713E-02	5.277297E+00	1.172097E-02	4.733552E-03
7.264556E-02	4.466932E+00	1.052322E-02	4.739846E-03
7.527590E-02	3.791197E+00	9.394014E-03	4.753582E-03
7.800148E-02	3.207477E+00	8.427303E-03	4.756133E-03
8.082575E-02	2.758458E+00	7.604914E-03	4.757527E-03
8.375228E-02	2.387366E+00	6.847902E-03	4.757654E-03
8.678478E-02	2.105248E+00	6.275511E-03	4.781249E-03
8.992707E-02	1.857892E+00	5.684351E-03	4.766286E-03
9.318314E-02	1.649826E+00	5.247024E-03	4.767283E-03
9.655711E-02	1.500170E+00	4.858796E-03	4.784709E-03
1.000532E-01	1.369065E+00	4.478885E-03	4.795235E-03
1.036760E-01	1.253625E+00	4.215338E-03	4.808541E-03
1.074298E-01	1.161360E+00	3.898418E-03	4.819068E-03
1.113197E-01	1.067349E+00	3.612276E-03	4.832486E-03
1.153503E-01	9.897060E-01	3.413943E-03	4.845797E-03
1.195269E-01	9.186163E-01	3.184253E-03	4.863780E-03
1.238547E-01	8.545575E-01	2.980689E-03	4.871932E-03
1.283392E-01	8.013157E-01	2.797866E-03	4.894098E-03
1.329861E-01	7.502864E-01	2.624523E-03	4.909663E-03
1.378013E-01	7.103993E-01	2.485249E-03	4.927862E-03
1.427908E-01	6.788124E-01	2.352853E-03	4.939928E-03
1.479609E-01	6.484179E-01	2.217808E-03	4.968687E-03
1.533183E-01	6.201156E-01	2.135448E-03	4.988596E-03
1.588696E-01	6.017306E-01	2.017450E-03	5.006846E-03
1.646219E-01	5.782155E-01	1.920881E-03	5.037865E-03
1.705826E-01	5.640423E-01	1.834556E-03	5.065512E-03
1.767590E-01	5.453054E-01	1.741190E-03	5.095833E-03
1.831591E-01	5.344434E-01	1.675511E-03	5.121690E-03
1.897909E-01	5.158765E-01	1.589993E-03	5.157640E-03
1.966628E-01	5.032405E-01	1.519106E-03	5.195890E-03
2.037835E-01	4.937741E-01	1.455677E-03	5.230451E-03
2.111621E-01	4.787342E-01	1.395323E-03	5.274959E-03
2.188078E-01	4.701014E-01	1.335321E-03	5.325459E-03
2.267304E-01	4.601282E-01	1.284540E-03	5.375289E-03
2.349399E-01	4.543557E-01	1.235386E-03	5.423148E-03
2.434465E-01	4.473042E-01	1.190454E-03	5.479206E-03
2.522612E-01	4.414540E-01	1.148855E-03	5.550045E-03
2.613951E-01	4.365894E-01	1.115608E-03	5.626296E-03
2.708596E-01	4.310180E-01	1.083038E-03	5.716204E-03
2.806669E-01	4.292237E-01	1.059714E-03	5.820896E-03
2.908292E-01	4.280529E-01	1.045113E-03	5.931206E-03
3.013596E-01	4.249843E-01	1.031414E-03	6.061541E-03
3.122712E-01	4.234109E-01	1.025620E-03	6.205877E-03
3.235778E-01	4.209650E-01	1.025127E-03	6.368171E-03
3.352939E-01	4.195219E-01	1.032434E-03	6.550369E-03
3.474342E-01	4.175283E-01	1.044867E-03	6.748143E-03
3.600141E-01	4.142913E-01	1.060500E-03	6.968251E-03
3.730494E-01	4.131345E-01	1.092028E-03	7.210528E-03
3.865568E-01	4.082509E-01	1.121416E-03	7.480597E-03
4.005532E-01	4.055731E-01	1.169263E-03	7.760285E-03
4.150563E-01	4.045555E-01	1.228843E-03	8.049331E-03
4.300847E-01	4.025490E-01	1.299887E-03	8.345486E-03
4.456571E-01	3.977112E-01	1.389582E-03	8.648072E-03
4.617934E-01	3.930250E-01	1.501350E-03	8.954577E-03
4.785140E-01	3.920782E-01	1.649370E-03	9.275609E-03
4.958400E-01	3.861039E-01	1.831026E-03	9.613104E-03
5.137933E-01	3.849550E-01	2.092338E-03	9.945955E-03
5.323967E-01	3.818380E-01	2.479794E-03	1.028751E-02
5.516737E-01	3.854031E-01	2.966747E-03	1.066050E-02
5.716486E-01	3.904925E-01	3.729563E-03	1.104142E-02
5.923468E-01	3.776688E-01	4.905990E-03	1.144444E-02
6.137944E-01	3.940030E-01	7.484717E-03	1.183464E-02
6.360186E-01	4.017282E-01	1.365823E-02	1.223198E-02
6.590475E-01	3.499797E-01	3.902007E-02	1.256215E-02
