# I(Q)
#Q (1/A)        I (1/cm)        dI (1/cm)       dQ (1/A)
5.523339E-03	8.152697E+00	4.697582E+00	1.042983E-03
5.697430E-03	7.119755E+00	1.909919E+00	1.050950E-03
5.877007E-03	9.322431E+00	1.339645E+00	1.066209E-03
6.062245E-03	7.863877E+00	9.197100E-01	1.074861E-03
6.253321E-03	7.002619E+00	6.872073E-01	1.083212E-03
6.450420E-03	7.629830E+00	5.540332E-01	1.098107E-03
6.653731E-03	7.321984E+00	4.693129E-01	1.106510E-03
6.863450E-03	7.167575E+00	3.843570E-01	1.116512E-03
7.079780E-03	7.252353E+00	3.344365E-01	1.131481E-03
7.302928E-03	6.943205E+00	2.955167E-01	1.143767E-03
7.533109E-03	6.624952E+00	2.661071E-01	1.149416E-03
7.770545E-03	6.562610E+00	2.481452E-01	1.157495E-03
8.015466E-03	6.844784E+00	2.399217E-01	1.162925E-03
8.268105E-03	6.759577E+00	2.284659E-01	1.162240E-03
8.528708E-03	6.465452E+00	2.151895E-01	1.168841E-03
8.797525E-03	6.593724E+00	2.068330E-01	1.168403E-03
9.074815E-03	6.447753E+00	2.034898E-01	1.164613E-03
9.360844E-03	6.565739E+00	1.956758E-01	1.169070E-03
9.655889E-03	7.162878E+00	1.941218E-01	1.167774E-03
9.960234E-03	7.015618E+00	1.852562E-01	1.167110E-03
1.027417E-02	6.782290E+00	1.791164E-01	1.166675E-03
1.059800E-02	7.206578E+00	1.766732E-01	1.167801E-03
1.093204E-02	6.677298E+00	1.686348E-01	1.166502E-03
1.127661E-02	6.920788E+00	1.643996E-01	1.168090E-03
1.163204E-02	6.998951E+00	1.590907E-01	1.167961E-03
1.199867E-02	7.031966E+00	1.553205E-01	1.166492E-03
1.237685E-02	6.800994E+00	1.494161E-01	1.167745E-03
1.276696E-02	6.956999E+00	1.440149E-01	1.168230E-03
1.316936E-02	7.142258E+00	1.431171E-01	1.166892E-03
1.358445E-02	7.110385E+00	1.391168E-01	1.167311E-03
1.401262E-02	7.168034E+00	1.337953E-01	1.170687E-03
1.445428E-02	7.330036E+00	1.322968E-01	1.169147E-03
1.490987E-02	7.194257E+00	1.281347E-01	1.170466E-03
1.537981E-02	7.217486E+00	1.239385E-01	1.169484E-03
1.586457E-02	7.405974E+00	1.215688E-01	1.168292E-03
1.636461E-02	7.534162E+00	1.195614E-01	1.168189E-03
1.688040E-02	7.706074E+00	1.163407E-01	1.169673E-03
1.741246E-02	7.870645E+00	1.145574E-01	1.168356E-03
1.796128E-02	7.875250E+00	1.119518E-01	1.167318E-03
1.852740E-02	8.038422E+00	1.077910E-01	1.168664E-03
1.911137E-02	8.275343E+00	1.055972E-01	1.167982E-03
1.971374E-02	8.309795E+00	1.026888E-01	1.167866E-03
2.033510E-02	8.559957E+00	1.004088E-01	1.167198E-03
2.097604E-02	8.711830E+00	9.761802E-02	1.166368E-03
2.163719E-02	8.986986E+00	9.503676E-02	1.166752E-03
2.231917E-02	9.151646E+00	9.278013E-02	1.167971E-03
2.302265E-02	9.386818E+00	9.081709E-02	1.169385E-03
2.374830E-02	9.659833E+00	8.895483E-02	1.168833E-03
2.449683E-02	1.007772E+01	8.727824E-02	1.169287E-03
2.526895E-02	1.033895E+01	8.509749E-02	1.168807E-03
2.606540E-02	1.088597E+01	8.370729E-02	1.169113E-03
2.688696E-02	1.113293E+01	8.152834E-02	1.169665E-03
2.773441E-02	1.187346E+01	8.125902E-02	1.169129E-03
2.860857E-02	1.240913E+01	8.002236E-02	1.168499E-03
2.951028E-02	1.305079E+01	7.913864E-02	1.168724E-03
3.044042E-02	1.365872E+01	7.791422E-02	1.168767E-03
3.093815E-02	1.412870E+01	5.400084E-02	4.375953E-03
3.139987E-02	1.432887E+01	7.724389E-02	1.168771E-03
3.205834E-02	1.477835E+01	5.019349E-02	4.381325E-03
3.238957E-02	1.519628E+01	7.624043E-02	1.168669E-03
3.321910E-02	1.585927E+01	4.829121E-02	4.438398E-03
3.341046E-02	1.593463E+01	7.543844E-02	1.168125E-03
3.442188E-02	1.672292E+01	4.594281E-02	4.444269E-03
3.446352E-02	1.683363E+01	7.449120E-02	1.169196E-03
3.566822E-02	1.743525E+01	4.458930E-02	4.500383E-03
3.695968E-02	1.834622E+01	4.232536E-02	4.524178E-03
3.829790E-02	1.903168E+01	4.109070E-02	4.552887E-03
3.968457E-02	1.960220E+01	3.965659E-02	4.555435E-03
4.112146E-02	1.989642E+01	3.828852E-02	4.583620E-03
4.261037E-02	2.000403E+01	3.657547E-02	4.610723E-03
4.415318E-02	1.968763E+01	3.391426E-02	4.637276E-03
4.575187E-02	1.913549E+01	3.264351E-02	4.653669E-03
4.740843E-02	1.809541E+01	3.033847E-02	4.641526E-03
4.912498E-02	1.676116E+01	2.817423E-02	4.670038E-03
5.090367E-02	1.535704E+01	2.547870E-02	4.691715E-03
5.274677E-02	1.366405E+01	2.334057E-02	4.685572E-03
5.465661E-02	1.203409E+01	2.110083E-02	4.702922E-03
5.663559E-02	1.051051E+01	1.900695E-02	4.695013E-03
5.868623E-02	8.995288E+00	1.717065E-02	4.686786E-03
6.081112E-02	7.757593E+00	1.528070E-02	4.703403E-03
6.301294E-02	6.619338E+00	1.388599E-02	4.723105E-03
6.529449E-02	5.679725E+00	1.232881E-02	4.709611E-03
6.765865E-02	4.856323E+00	1.106889E-02	4.734322E-03
7.010840E-02	4.219230E+00	9.985723E-03	4.733844E-03
7.264686E-02	3.623090E+00	9.030612E-03	4.738676E-03
7.527723E-02	3.172196E+00	8.201849E-03	4.754448E-03
7.800284E-02	2.788521E+00	7.487278E-03	4.756370E-03
8.082713E-02	2.459752E+00	6.844098E-03	4.757300E-03
8.375369E-02	2.167124E+00	6.211033E-03	4.757651E-03
8.678621E-02	1.940249E+00	5.733786E-03	4.781506E-03
8.992853E-02	1.724612E+00	5.212373E-03	4.766032E-03
9.318462E-02	1.548433E+00	4.832641E-03	4.767278E-03
9.655861E-02	1.384321E+00	4.439535E-03	4.784606E-03
1.000548E-01	1.256892E+00	4.085849E-03	4.795449E-03
1.036775E-01	1.122977E+00	3.805276E-03	4.808650E-03
1.074314E-01	1.016128E+00	3.484476E-03	4.818812E-03
1.113213E-01	9.288616E-01	3.228696E-03	4.832682E-03
1.153519E-01	8.474859E-01	3.033863E-03	4.845635E-03
1.195286E-01	7.756680E-01	2.808621E-03	4.863454E-03
1.238564E-01	7.181203E-01	2.628388E-03	4.872351E-03
1.283409E-01	6.700969E-01	2.463092E-03	4.893990E-03
1.329879E-01	6.271352E-01	2.315192E-03	4.909733E-03
1.378030E-01	5.939908E-01	2.193420E-03	4.927884E-03
1.427925E-01	5.572301E-01	2.059996E-03	4.939759E-03
1.479627E-01	5.352408E-01	1.949678E-03	4.968477E-03
1.533201E-01	5.090585E-01	1.873770E-03	4.988751E-03
1.588714E-01	4.904549E-01	1.765692E-03	5.007008E-03
1.646238E-01	4.702945E-01	1.681044E-03	5.037748E-03
1.705844E-01	4.458758E-01	1.589270E-03	5.065585E-03
1.767609E-01	4.284646E-01	1.507795E-03	5.095659E-03
1.831610E-01	4.134035E-01	1.442955E-03	5.121604E-03
1.897928E-01	3.962207E-01	1.367353E-03	5.157884E-03
1.966647E-01	3.795620E-01	1.298910E-03	5.195613E-03
2.037855E-01	3.693513E-01	1.241400E-03	5.230369E-03
2.111641E-01	3.563747E-01	1.189778E-03	5.275045E-03
2.188098E-01	3.456292E-01	1.134379E-03	5.325337E-03
2.267324E-01	3.371751E-01	1.091809E-03	5.375240E-03
2.349418E-01	3.314148E-01	1.048692E-03	5.423087E-03
2.434485E-01	3.239150E-01	1.008159E-03	5.479126E-03
2.522632E-01	3.193143E-01	9.732579E-04	5.550138E-03
2.613970E-01	3.149056E-01	9.441851E-04	5.626289E-03
2.708616E-01	3.118289E-01	9.175967E-04	5.715848E-03
2.806688E-01	3.087817E-01	8.975391E-04	5.820934E-03
2.908312E-01	3.066800E-01	8.831821E-04	5.931427E-03
3.013615E-01	3.050367E-01	8.720022E-04	6.061354E-03
3.122731E-01	3.026158E-01	8.660973E-04	6.205809E-03
3.235797E-01	3.007395E-01	8.667727E-04	6.368099E-03
3.352958E-01	2.988241E-01	8.714090E-04	6.550433E-03
3.474360E-01	2.962117E-01	8.817381E-04	6.748002E-03
3.600158E-01	2.954558E-01	8.970431E-04	6.968411E-03
3.730511E-01	2.923586E-01	9.216292E-04	7.210480E-03
3.865584E-01	2.915935E-01	9.495697E-04	7.480648E-03
4.005548E-01	2.877372E-01	9.877058E-04	7.760200E-03
4.150579E-01	2.871167E-01	1.038460E-03	8.049359E-03
4.300862E-01	2.845120E-01	1.097485E-03	8.345647E-03
4.456585E-01	2.819039E-01	1.174874E-03	8.648018E-03
4.617948E-01	2.802568E-01	1.270119E-03	8.954577E-03
4.785152E-01	2.773473E-01	1.393822E-03	9.275690E-03
4.958411E-01	2.732886E-01	1.549301E-03	9.613192E-03
5.137944E-01	2.764251E-01	1.777002E-03	9.945622E-03
5.323976E-01	2.735377E-01	2.105869E-03	1.028791E-02
5.516744E-01	2.671179E-01	2.486202E-03	1.066050E-02
5.716493E-01	2.679249E-01	3.119470E-03	1.104152E-02
5.923473E-01	2.755252E-01	4.193035E-03	1.144476E-02
6.137948E-01	2.694383E-01	6.261307E-03	1.183464E-02
6.360188E-01	2.487092E-01	1.100121E-02	1.223198E-02
6.590475E-01	2.645678E-01	3.460654E-02	1.256215E-02
