# I(Q)
#Q (1/A)        I (1/cm)        dI (1/cm)       dQ (1/A)
5.523339E-03	9.382850E+00	5.273510E+00	1.042983E-03
5.697430E-03	9.590963E+00	2.043158E+00	1.050950E-03
5.877007E-03	6.548251E+00	1.290030E+00	1.066209E-03
6.062245E-03	6.391302E+00	9.104041E-01	1.074861E-03
6.253321E-03	5.759786E+00	6.813070E-01	1.083212E-03
6.450420E-03	5.637090E+00	5.305767E-01	1.098107E-03
6.653731E-03	5.654920E+00	4.594575E-01	1.106510E-03
6.863450E-03	5.443326E+00	3.746711E-01	1.116512E-03
7.079780E-03	5.325835E+00	3.186241E-01	1.131481E-03
7.302927E-03	4.712875E+00	2.822162E-01	1.143767E-03
7.533109E-03	4.565328E+00	2.579532E-01	1.149416E-03
7.770545E-03	4.173897E+00	2.358071E-01	1.157495E-03
8.015465E-03	4.387522E+00	2.295146E-01	1.162925E-03
8.268105E-03	4.167323E+00	2.171091E-01	1.162240E-03
8.528708E-03	4.192718E+00	2.037516E-01	1.168841E-03
8.797525E-03	3.847613E+00	1.938941E-01	1.168403E-03
9.074815E-03	3.686464E+00	1.923556E-01	1.164613E-03
9.360844E-03	3.636862E+00	1.824573E-01	1.169070E-03
9.655889E-03	3.672458E+00	1.765386E-01	1.167774E-03
9.960233E-03	3.678582E+00	1.691544E-01	1.167110E-03
1.027417E-02	3.673606E+00	1.663503E-01	1.166675E-03
1.059800E-02	3.549224E+00	1.583667E-01	1.167801E-03
1.093204E-02	3.648737E+00	1.565249E-01	1.166502E-03
1.127661E-02	3.504474E+00	1.499933E-01	1.168090E-03
1.163204E-02	3.492899E+00	1.444073E-01	1.167961E-03
1.199867E-02	3.523317E+00	1.424135E-01	1.166492E-03
1.237685E-02	3.276023E+00	1.354899E-01	1.167745E-03
1.276696E-02	3.365848E+00	1.307227E-01	1.168230E-03
1.316936E-02	3.387645E+00	1.293426E-01	1.166892E-03
1.358445E-02	3.368602E+00	1.260680E-01	1.167311E-03
1.401262E-02	3.380165E+00	1.211132E-01	1.170687E-03
1.445428E-02	3.495210E+00	1.184623E-01	1.169147E-03
1.490987E-02	3.243863E+00	1.151627E-01	1.170466E-03
1.537981E-02	3.326309E+00	1.118587E-01	1.169484E-03
1.586457E-02	3.376015E+00	1.092076E-01	1.168292E-03
1.636461E-02	3.366310E+00	1.062275E-01	1.168189E-03
1.688040E-02	3.287808E+00	1.031558E-01	1.169702E-03
1.741246E-02	3.412555E+00	1.008186E-01	1.168329E-03
1.796128E-02	3.443637E+00	9.910618E-02	1.167318E-03
1.852740E-02	3.510062E+00	9.497500E-02	1.168664E-03
1.911137E-02	3.477985E+00	9.224361E-02	1.167982E-03
1.971374E-02	3.559117E+00	8.940451E-02	1.167866E-03
2.033510E-02	3.605474E+00	8.710918E-02	1.167198E-03
2.097604E-02	3.580028E+00	8.389065E-02	1.166368E-03
2.163719E-02	3.792189E+00	8.183380E-02	1.166752E-03
2.231917E-02	3.827894E+00	7.947353E-02	1.167971E-03
2.302265E-02	3.864614E+00	7.717973E-02	1.169385E-03
2.374830E-02	3.893479E+00	7.495149E-02	1.168833E-03
2.449683E-02	4.011880E+00	7.289306E-02	1.169287E-03
2.526895E-02	4.136454E+00	7.072538E-02	1.168807E-03
2.606540E-02	4.276167E+00	6.863356E-02	1.169113E-03
2.688696E-02	4.506647E+00	6.682791E-02	1.169665E-03
2.773441E-02	4.558841E+00	6.515402E-02	1.169129E-03
2.860857E-02	4.726409E+00	6.339965E-02	1.168499E-03
2.951028E-02	4.942000E+00	6.183484E-02	1.168724E-03
3.044042E-02	5.205318E+00	6.084594E-02	1.168767E-03
3.093815E-02	5.337264E+00	3.453267E-02	4.375952E-03
3.139987E-02	5.444177E+00	5.974653E-02	1.168771E-03
3.205834E-02	5.567484E+00	3.203065E-02	4.381324E-03
3.238957E-02	5.639474E+00	5.808728E-02	1.168669E-03
3.321910E-02	6.015879E+00	3.093614E-02	4.438397E-03
3.341046E-02	6.122630E+00	5.733492E-02	1.168125E-03
3.442188E-02	6.370900E+00	2.949135E-02	4.444268E-03
3.446352E-02	6.374710E+00	5.561274E-02	1.169196E-03
3.566822E-02	6.843765E+00	2.896776E-02	4.500383E-03
3.695968E-02	7.440919E+00	2.793301E-02	4.524177E-03
3.829790E-02	8.003294E+00	2.761696E-02	4.552886E-03
3.968457E-02	8.690706E+00	2.736280E-02	4.555434E-03
4.112146E-02	9.293767E+00	2.708722E-02	4.583620E-03
4.261037E-02	9.973622E+00	2.672046E-02	4.610723E-03
4.415318E-02	1.057704E+01	2.575144E-02	4.637276E-03
4.575186E-02	1.109507E+01	2.574224E-02	4.653668E-03
4.740843E-02	1.153951E+01	2.507304E-02	4.641525E-03
4.912498E-02	1.163543E+01	2.433817E-02	4.670037E-03
5.090367E-02	1.160834E+01	2.297756E-02	4.691715E-03
5.274677E-02	1.118939E+01	2.189516E-02	4.685571E-03
5.465661E-02	1.051683E+01	2.044527E-02	4.702921E-03
5.663559E-02	9.655241E+00	1.886684E-02	4.695012E-03
5.868623E-02	8.577642E+00	1.734479E-02	4.686785E-03
6.081112E-02	7.539799E+00	1.556731E-02	4.703403E-03
6.301294E-02	6.480368E+00	1.419095E-02	4.723104E-03
6.529449E-02	5.543878E+00	1.257942E-02	4.709611E-03
6.765864E-02	4.694004E+00	1.123331E-02	4.734321E-03
7.010840E-02	3.982350E+00	1.001731E-02	4.733843E-03
7.264686E-02	3.410120E+00	9.052776E-03	4.738676E-03
7.527723E-02	2.900657E+00	8.103621E-03	4.754447E-03
7.800283E-02	2.526791E+00	7.374364E-03	4.756370E-03
8.082713E-02	2.214609E+00	6.719767E-03	4.757299E-03
8.375368E-02	1.942615E+00	6.095510E-03	4.757651E-03
8.678620E-02	1.739412E+00	5.633919E-03	4.781506E-03
8.992852E-02	1.559156E+00	5.139686E-03	4.766032E-03
9.318462E-02	1.411840E+00	4.791459E-03	4.767278E-03
9.655861E-02	1.295793E+00	4.453373E-03	4.784606E-03
1.000548E-01	1.176634E+00	4.101357E-03	4.795449E-03
1.036775E-01	1.082684E+00	3.871133E-03	4.808649E-03
1.074314E-01	9.989243E-01	3.571633E-03	4.818812E-03
1.113213E-01	9.207454E-01	3.321381E-03	4.832681E-03
1.153519E-01	8.606065E-01	3.150766E-03	4.845635E-03
1.195285E-01	8.057257E-01	2.944121E-03	4.863453E-03
1.238564E-01	7.527758E-01	2.764176E-03	4.872351E-03
1.283409E-01	7.142934E-01	2.608899E-03	4.893989E-03
1.329878E-01	6.762337E-01	2.462341E-03	4.909733E-03
1.378030E-01	6.489215E-01	2.341410E-03	4.927883E-03
1.427925E-01	6.203937E-01	2.217767E-03	4.939758E-03
1.479627E-01	5.955753E-01	2.095916E-03	4.968477E-03
1.533201E-01	5.742886E-01	2.024324E-03	4.988751E-03
1.588714E-01	5.575059E-01	1.913461E-03	5.007007E-03
1.646238E-01	5.407093E-01	1.826791E-03	5.037748E-03
1.705844E-01	5.224562E-01	1.738825E-03	5.065584E-03
1.767609E-01	5.065655E-01	1.651668E-03	5.095658E-03
1.831610E-01	4.929389E-01	1.586878E-03	5.121604E-03
1.897928E-01	4.805989E-01	1.510287E-03	5.157883E-03
1.966647E-01	4.670872E-01	1.441330E-03	5.195613E-03
2.037855E-01	4.600058E-01	1.382636E-03	5.230369E-03
2.111641E-01	4.508994E-01	1.331339E-03	5.275044E-03
2.188098E-01	4.415080E-01	1.271262E-03	5.325336E-03
2.267324E-01	4.348566E-01	1.227775E-03	5.375239E-03
2.349418E-01	4.292652E-01	1.180203E-03	5.423086E-03
2.434485E-01	4.251744E-01	1.139439E-03	5.479125E-03
2.522632E-01	4.210482E-01	1.101386E-03	5.550137E-03
2.613970E-01	4.189968E-01	1.072867E-03	5.626310E-03
2.708616E-01	4.167158E-01	1.042815E-03	5.715830E-03
2.806688E-01	4.136538E-01	1.019806E-03	5.820933E-03
2.908312E-01	4.123292E-01	1.005222E-03	5.931426E-03
3.013615E-01	4.104500E-01	9.928377E-04	6.061353E-03
3.122730E-01	4.079625E-01	9.855940E-04	6.205808E-03
3.235797E-01	4.062639E-01	9.871710E-04	6.368098E-03
3.352957E-01	4.026241E-01	9.911440E-04	6.550432E-03
3.474360E-01	4.040430E-01	1.007074E-03	6.748001E-03
3.600158E-01	4.012885E-01	1.022436E-03	6.968410E-03
3.730511E-01	3.998270E-01	1.052823E-03	7.210479E-03
3.865584E-01	3.979940E-01	1.083128E-03	7.480647E-03
4.005547E-01	3.934707E-01	1.127296E-03	7.760199E-03
4.150579E-01	3.907691E-01	1.182026E-03	8.049358E-03
4.300861E-01	3.889179E-01	1.251626E-03	8.345645E-03
4.456585E-01	3.843130E-01	1.336747E-03	8.648016E-03
4.617947E-01	3.825684E-01	1.447690E-03	8.954575E-03
4.785152E-01	3.794760E-01	1.588198E-03	9.275689E-03
4.958411E-01	3.756624E-01	1.766012E-03	9.613190E-03
5.137943E-01	3.736522E-01	2.017959E-03	9.945621E-03
5.323976E-01	3.734317E-01	2.399193E-03	1.028791E-02
5.516744E-01	3.772713E-01	2.865794E-03	1.066050E-02
5.716492E-01	3.677942E-01	3.554640E-03	1.104151E-02
5.923472E-01	3.687664E-01	4.740941E-03	1.144476E-02
6.137947E-01	3.808020E-01	7.232861E-03	1.183464E-02
6.360187E-01	3.706501E-01	1.286599E-02	1.223198E-02
6.590475E-01	4.070144E-01	4.073956E-02	1.256215E-02
