# I(Q)
#Q (1/A)        I (1/cm)        dI (1/cm)       dQ (1/A)
6.000000E-03	1.605291E+00	7.251305E-02	1.175690E-03
6.293041E-03	1.436321E+00	4.225104E-02	1.198950E-03
6.600394E-03	1.423290E+00	3.872480E-02	1.200236E-03
6.922758E-03	1.367771E+00	3.366792E-02	1.205635E-03
7.260867E-03	1.342828E+00	3.093649E-02	1.212074E-03
7.615488E-03	1.288425E+00	2.856241E-02	1.218639E-03
7.987430E-03	1.237209E+00	2.633272E-02	1.218102E-03
8.377537E-03	1.139505E+00	2.438144E-02	1.219418E-03
8.786697E-03	1.128880E+00	2.270693E-02	1.219796E-03
9.215841E-03	1.086274E+00	2.126205E-02	1.224846E-03
9.665944E-03	1.093636E+00	2.010820E-02	1.218829E-03
1.013803E-02	1.100777E+00	1.913735E-02	1.222959E-03
1.063317E-02	1.057653E+00	1.794535E-02	1.224233E-03
1.115250E-02	1.058921E+00	1.696324E-02	1.226088E-03
1.169719E-02	1.033837E+00	1.597899E-02	1.223186E-03
1.226848E-02	1.047514E+00	1.502914E-02	1.229631E-03
1.286767E-02	1.032943E+00	1.447605E-02	1.229075E-03
1.349613E-02	1.014280E+00	1.362481E-02	1.227726E-03
1.415529E-02	9.914670E-01	1.278899E-02	1.231010E-03
1.484663E-02	9.872423E-01	1.211042E-02	1.232973E-03
1.557174E-02	9.458001E-01	1.136441E-02	1.237000E-03
1.633227E-02	9.581122E-01	1.089112E-02	1.235741E-03
1.712994E-02	9.547688E-01	1.029170E-02	1.239557E-03
1.796657E-02	9.483087E-01	9.757425E-03	1.238336E-03
1.884406E-02	9.355392E-01	9.266353E-03	1.241620E-03
1.976441E-02	9.074759E-01	8.725398E-03	1.245906E-03
2.072970E-02	9.132926E-01	8.319439E-03	1.247768E-03
2.174214E-02	9.064492E-01	7.893336E-03	1.249892E-03
2.280403E-02	8.823815E-01	7.498548E-03	1.252705E-03
2.391779E-02	8.671614E-01	7.075965E-03	1.256524E-03
2.508593E-02	8.591797E-01	6.687524E-03	1.261870E-03
2.631113E-02	8.577518E-01	6.339951E-03	1.265076E-03
2.759617E-02	8.266989E-01	5.933615E-03	1.270949E-03
2.894398E-02	8.129493E-01	5.648464E-03	1.274994E-03
3.035760E-02	7.942746E-01	5.292003E-03	1.280025E-03
3.184027E-02	7.662787E-01	5.011343E-03	1.285647E-03
3.339536E-02	7.498195E-01	4.681837E-03	1.293074E-03
3.502639E-02	7.149666E-01	4.399256E-03	1.301476E-03
3.673708E-02	6.863002E-01	4.122510E-03	1.309976E-03
3.853133E-02	6.586578E-01	3.864274E-03	1.317450E-03
4.041320E-02	6.290341E-01	3.623765E-03	1.327793E-03
4.238699E-02	5.942060E-01	3.366417E-03	1.338959E-03
4.445718E-02	5.601328E-01	3.149856E-03	1.350336E-03
4.662847E-02	5.278108E-01	2.926718E-03	1.363129E-03
4.890581E-02	4.869213E-01	2.714267E-03	1.376509E-03
5.129438E-02	4.570436E-01	2.527446E-03	1.392432E-03
5.379961E-02	4.162898E-01	2.328074E-03	1.408474E-03
5.642719E-02	3.856521E-01	2.167411E-03	1.427053E-03
5.683323E-02	3.850996E-01	4.002799E-03	6.238596E-03
5.909511E-02	3.548695E-01	3.604080E-03	6.280001E-03
5.918310E-02	3.559839E-01	2.006474E-03	1.446802E-03
6.144700E-02	3.324418E-01	3.529212E-03	6.210492E-03
6.389249E-02	3.075811E-01	3.243047E-03	6.331667E-03
6.643531E-02	2.926782E-01	3.128114E-03	6.285995E-03
6.907933E-02	2.734411E-01	2.892417E-03	6.306311E-03
7.182858E-02	2.570132E-01	2.787416E-03	6.338000E-03
7.468724E-02	2.422280E-01	2.545725E-03	6.342161E-03
7.765968E-02	2.254258E-01	2.511921E-03	6.361156E-03
8.075041E-02	2.116092E-01	2.335897E-03	6.413749E-03
8.396415E-02	1.965048E-01	2.165527E-03	6.419317E-03
8.730579E-02	1.872514E-01	2.089733E-03	6.422862E-03
9.078042E-02	1.736126E-01	1.988916E-03	6.476080E-03
9.439334E-02	1.618566E-01	1.872508E-03	6.498961E-03
9.815004E-02	1.568987E-01	1.793702E-03	6.501324E-03
1.020563E-01	1.486684E-01	1.684511E-03	6.556550E-03
1.061179E-01	1.424943E-01	1.614867E-03	6.602753E-03
1.103413E-01	1.397900E-01	1.581452E-03	6.616038E-03
1.147327E-01	1.315924E-01	1.457341E-03	6.658968E-03
1.192989E-01	1.276731E-01	1.404850E-03	6.725555E-03
1.240468E-01	1.278824E-01	1.352534E-03	6.756679E-03
1.289836E-01	1.235479E-01	1.287860E-03	6.802065E-03
1.341170E-01	1.189810E-01	1.244694E-03	6.859080E-03
1.394546E-01	1.202583E-01	1.175839E-03	6.912941E-03
1.450047E-01	1.165631E-01	1.135041E-03	6.981220E-03
1.507756E-01	1.174072E-01	1.079338E-03	7.040003E-03
1.567763E-01	1.163981E-01	1.041783E-03	7.119758E-03
1.630157E-01	1.141062E-01	9.988569E-04	7.177868E-03
1.695035E-01	1.149536E-01	9.555215E-04	7.271962E-03
1.762495E-01	1.134010E-01	9.232079E-04	7.342387E-03
1.832639E-01	1.142312E-01	8.787280E-04	7.449907E-03
1.905575E-01	1.132922E-01	8.486109E-04	7.550310E-03
1.981414E-01	1.137434E-01	8.187185E-04	7.650457E-03
2.060271E-01	1.131435E-01	7.795938E-04	7.770481E-03
2.142267E-01	1.119997E-01	7.523529E-04	7.881181E-03
2.227526E-01	1.123415E-01	7.185105E-04	8.011171E-03
2.316178E-01	1.120410E-01	6.969610E-04	8.143102E-03
2.408358E-01	1.107749E-01	6.641079E-04	8.284791E-03
2.504207E-01	1.117163E-01	6.431392E-04	8.438609E-03
2.603870E-01	1.111167E-01	6.140621E-04	8.600109E-03
2.707500E-01	1.113092E-01	5.905889E-04	8.771050E-03
2.815254E-01	1.108529E-01	5.670360E-04	8.946657E-03
2.927297E-01	1.118525E-01	5.455311E-04	9.145980E-03
3.043799E-01	1.096151E-01	5.227060E-04	9.349930E-03
3.164937E-01	1.108398E-01	5.035937E-04	9.562604E-03
3.290897E-01	1.106246E-01	4.850790E-04	9.781156E-03
3.421869E-01	1.103505E-01	4.643286E-04	1.002852E-02
3.558054E-01	1.100658E-01	4.488352E-04	1.028476E-02
3.699659E-01	1.103864E-01	4.360607E-04	1.057184E-02
3.846899E-01	1.096973E-01	4.270716E-04	1.088201E-02
4.000000E-01	1.080213E-01	5.942163E-04	1.113561E-02
