# I(Q)
#Q (1/A)        I (1/cm)        dI (1/cm)       dQ (1/A)
6.000000E-03	2.298770E+00	8.486206E-02	1.179154E-03
6.293041E-03	2.028563E+00	4.901342E-02	1.202542E-03
6.600394E-03	1.969642E+00	4.475139E-02	1.204022E-03
6.922758E-03	1.944033E+00	3.930998E-02	1.208377E-03
7.260867E-03	1.873829E+00	3.604733E-02	1.214962E-03
7.615488E-03	1.795892E+00	3.322358E-02	1.220228E-03
7.987430E-03	1.777628E+00	3.115188E-02	1.221032E-03
8.377537E-03	1.708649E+00	2.914892E-02	1.222674E-03
8.786697E-03	1.732536E+00	2.759887E-02	1.222691E-03
9.215841E-03	1.690618E+00	2.598618E-02	1.226852E-03
9.665944E-03	1.658632E+00	2.437754E-02	1.220929E-03
1.013803E-02	1.605985E+00	2.288112E-02	1.226758E-03
1.063317E-02	1.618205E+00	2.182432E-02	1.225388E-03
1.115250E-02	1.608089E+00	2.065826E-02	1.227794E-03
1.169719E-02	1.561550E+00	1.938434E-02	1.226358E-03
1.226848E-02	1.583704E+00	1.834992E-02	1.231518E-03
1.286767E-02	1.574485E+00	1.764890E-02	1.230351E-03
1.349613E-02	1.567066E+00	1.675578E-02	1.229987E-03
1.415529E-02	1.507824E+00	1.561692E-02	1.233500E-03
1.484663E-02	1.512332E+00	1.482489E-02	1.235525E-03
1.557174E-02	1.501395E+00	1.412829E-02	1.237360E-03
1.633227E-02	1.523183E+00	1.355912E-02	1.237610E-03
1.712994E-02	1.477998E+00	1.267830E-02	1.240983E-03
1.796657E-02	1.467457E+00	1.204379E-02	1.238655E-03
1.884406E-02	1.436856E+00	1.137677E-02	1.244311E-03
1.976441E-02	1.428343E+00	1.082566E-02	1.248093E-03
2.072970E-02	1.425565E+00	1.031023E-02	1.250112E-03
2.174214E-02	1.407913E+00	9.758660E-03	1.251677E-03
2.280403E-02	1.399423E+00	9.342933E-03	1.255203E-03
2.391779E-02	1.361649E+00	8.777375E-03	1.257376E-03
2.508593E-02	1.316715E+00	8.213679E-03	1.263638E-03
2.631113E-02	1.301701E+00	7.765450E-03	1.266741E-03
2.759617E-02	1.276903E+00	7.322179E-03	1.272131E-03
2.894398E-02	1.251966E+00	6.950596E-03	1.275867E-03
3.035760E-02	1.218932E+00	6.502481E-03	1.282196E-03
3.184027E-02	1.186690E+00	6.168791E-03	1.288003E-03
3.339536E-02	1.157892E+00	5.765854E-03	1.294746E-03
3.502639E-02	1.094989E+00	5.384879E-03	1.303942E-03
3.673708E-02	1.049819E+00	5.045493E-03	1.312001E-03
3.853133E-02	1.018578E+00	4.736341E-03	1.319637E-03
4.041320E-02	9.571891E-01	4.409195E-03	1.330031E-03
4.238699E-02	9.136966E-01	4.110951E-03	1.340765E-03
4.445718E-02	8.605927E-01	3.831734E-03	1.351504E-03
4.662847E-02	8.069132E-01	3.547452E-03	1.364914E-03
4.890581E-02	7.625909E-01	3.308011E-03	1.378863E-03
5.129438E-02	7.090190E-01	3.059498E-03	1.394850E-03
5.379961E-02	6.569209E-01	2.825542E-03	1.410614E-03
5.642719E-02	6.106088E-01	2.624819E-03	1.428774E-03
5.683323E-02	6.076909E-01	5.117054E-03	6.244717E-03
5.909511E-02	5.692937E-01	4.614434E-03	6.281353E-03
5.918310E-02	5.681536E-01	2.432345E-03	1.448615E-03
6.144700E-02	5.321481E-01	4.507110E-03	6.212533E-03
6.389249E-02	5.007777E-01	4.144613E-03	6.337594E-03
6.643531E-02	4.752753E-01	3.990036E-03	6.283878E-03
6.907933E-02	4.527184E-01	3.694524E-03	6.311299E-03
7.182858E-02	4.303025E-01	3.569601E-03	6.336441E-03
7.468724E-02	4.065101E-01	3.250188E-03	6.344105E-03
7.765968E-02	3.924556E-01	3.229748E-03	6.362397E-03
8.075041E-02	3.768074E-01	3.016899E-03	6.413215E-03
8.396415E-02	3.540154E-01	2.790476E-03	6.419221E-03
8.730579E-02	3.453715E-01	2.704543E-03	6.418747E-03
9.078042E-02	3.340808E-01	2.592706E-03	6.472943E-03
9.439334E-02	3.223516E-01	2.453401E-03	6.497824E-03
9.815004E-02	3.190628E-01	2.361275E-03	6.501357E-03
1.020563E-01	3.043287E-01	2.208628E-03	6.559280E-03
1.061179E-01	3.012922E-01	2.133217E-03	6.603516E-03
1.103413E-01	2.973761E-01	2.090677E-03	6.620399E-03
1.147327E-01	2.973316E-01	1.947030E-03	6.657173E-03
1.192989E-01	2.896613E-01	1.874635E-03	6.731096E-03
1.240468E-01	2.893847E-01	1.805242E-03	6.758761E-03
1.289836E-01	2.885484E-01	1.730260E-03	6.806494E-03
1.341170E-01	2.826007E-01	1.672856E-03	6.857273E-03
1.394546E-01	2.834105E-01	1.581103E-03	6.911482E-03
1.450047E-01	2.824385E-01	1.535062E-03	6.981704E-03
1.507756E-01	2.806499E-01	1.455801E-03	7.044833E-03
1.567763E-01	2.814136E-01	1.408893E-03	7.117481E-03
1.630157E-01	2.827989E-01	1.357508E-03	7.182483E-03
1.695035E-01	2.788093E-01	1.291048E-03	7.272817E-03
1.762495E-01	2.795252E-01	1.251921E-03	7.340337E-03
1.832639E-01	2.792276E-01	1.190504E-03	7.451145E-03
1.905575E-01	2.766660E-01	1.148217E-03	7.548582E-03
1.981414E-01	2.792877E-01	1.111246E-03	7.645980E-03
2.060271E-01	2.765884E-01	1.055777E-03	7.770736E-03
2.142267E-01	2.784619E-01	1.022913E-03	7.883173E-03
2.227526E-01	2.797503E-01	9.786457E-04	8.010422E-03
2.316178E-01	2.785411E-01	9.481376E-04	8.146090E-03
2.408358E-01	2.770141E-01	9.041892E-04	8.286741E-03
2.504207E-01	2.779721E-01	8.751410E-04	8.440910E-03
2.603870E-01	2.790543E-01	8.379222E-04	8.597588E-03
2.707500E-01	2.780063E-01	8.047461E-04	8.774718E-03
2.815254E-01	2.783893E-01	7.739060E-04	8.946755E-03
2.927297E-01	2.774312E-01	7.427731E-04	9.144974E-03
3.043799E-01	2.776639E-01	7.141379E-04	9.350527E-03
3.164937E-01	2.778743E-01	6.874746E-04	9.564145E-03
3.290897E-01	2.780382E-01	6.622809E-04	9.781903E-03
3.421869E-01	2.777436E-01	6.342927E-04	1.002740E-02
3.558054E-01	2.770231E-01	6.130811E-04	1.028253E-02
3.699659E-01	2.763191E-01	5.950013E-04	1.056892E-02
3.846899E-01	2.762519E-01	5.834000E-04	1.088028E-02
4.000000E-01	2.746779E-01	8.121384E-04	1.113644E-02
