# I(Q)
#Q (1/A)        I (1/cm)        dI (1/cm)       dQ (1/A)
6.000000E-03	1.332907E+00	7.213795E-02	1.180983E-03
6.293041E-03	1.269545E+00	4.244195E-02	1.204023E-03
6.600394E-03	1.262173E+00	3.899429E-02	1.206838E-03
6.922758E-03	1.215194E+00	3.374306E-02	1.209705E-03
7.260867E-03	1.240573E+00	3.153415E-02	1.217190E-03
7.615488E-03	1.180470E+00	2.886673E-02	1.224616E-03
7.987430E-03	1.214212E+00	2.721838E-02	1.220998E-03
8.377537E-03	1.107507E+00	2.513527E-02	1.224302E-03
8.786697E-03	1.161889E+00	2.396333E-02	1.225370E-03
9.215841E-03	1.148157E+00	2.261473E-02	1.230741E-03
9.665944E-03	1.127447E+00	2.121151E-02	1.223232E-03
1.013803E-02	1.158616E+00	2.032499E-02	1.231288E-03
1.063317E-02	1.117278E+00	1.908717E-02	1.227667E-03
1.115250E-02	1.095071E+00	1.791241E-02	1.229711E-03
1.169719E-02	1.117891E+00	1.716492E-02	1.229041E-03
1.226848E-02	1.139348E+00	1.620340E-02	1.232958E-03
1.286767E-02	1.122951E+00	1.556073E-02	1.232511E-03
1.349613E-02	1.124624E+00	1.478414E-02	1.232233E-03
1.415529E-02	1.101509E+00	1.387573E-02	1.232984E-03
1.484663E-02	1.087232E+00	1.310794E-02	1.237452E-03
1.557174E-02	1.123032E+00	1.265193E-02	1.240602E-03
1.633227E-02	1.089672E+00	1.192139E-02	1.241115E-03
1.712994E-02	1.096882E+00	1.131993E-02	1.242690E-03
1.796657E-02	1.101591E+00	1.078830E-02	1.241999E-03
1.884406E-02	1.075090E+00	1.017287E-02	1.247003E-03
1.976441E-02	1.074843E+00	9.702694E-03	1.250262E-03
2.072970E-02	1.080915E+00	9.268323E-03	1.252114E-03
2.174214E-02	1.080118E+00	8.801048E-03	1.254715E-03
2.280403E-02	1.066396E+00	8.406561E-03	1.258426E-03
2.391779E-02	1.044281E+00	7.922975E-03	1.260276E-03
2.508593E-02	1.040236E+00	7.509413E-03	1.266121E-03
2.631113E-02	1.026541E+00	7.084012E-03	1.268893E-03
2.759617E-02	1.026530E+00	6.728882E-03	1.273837E-03
2.894398E-02	9.898264E-01	6.347382E-03	1.278532E-03
3.035760E-02	9.875576E-01	5.996667E-03	1.284013E-03
3.184027E-02	9.598742E-01	5.687827E-03	1.290317E-03
3.339536E-02	9.343827E-01	5.310555E-03	1.296804E-03
3.502639E-02	9.062927E-01	5.010485E-03	1.305611E-03
3.673708E-02	8.801150E-01	4.720862E-03	1.313581E-03
3.853133E-02	8.476849E-01	4.420261E-03	1.321193E-03
4.041320E-02	8.053466E-01	4.132285E-03	1.332134E-03
4.238699E-02	7.861478E-01	3.886922E-03	1.342462E-03
4.445718E-02	7.516219E-01	3.647670E-03	1.353948E-03
4.662847E-02	7.198459E-01	3.404769E-03	1.366679E-03
4.890581E-02	6.770698E-01	3.169010E-03	1.380871E-03
5.129438E-02	6.500595E-01	2.970460E-03	1.395905E-03
5.379961E-02	6.196843E-01	2.773077E-03	1.412132E-03
5.642719E-02	5.789410E-01	2.581740E-03	1.429588E-03
5.683323E-02	5.738434E-01	5.171492E-03	6.244707E-03
5.909511E-02	5.471256E-01	4.696334E-03	6.283416E-03
5.918310E-02	5.452419E-01	2.399887E-03	1.449996E-03
6.144700E-02	5.251445E-01	4.627256E-03	6.207263E-03
6.389249E-02	5.003068E-01	4.278259E-03	6.330020E-03
6.643531E-02	4.781281E-01	4.128446E-03	6.285980E-03
6.907933E-02	4.563455E-01	3.827270E-03	6.312570E-03
7.182858E-02	4.382631E-01	3.708755E-03	6.335244E-03
7.468724E-02	4.215313E-01	3.396584E-03	6.345385E-03
7.765968E-02	3.980828E-01	3.352968E-03	6.363668E-03
8.075041E-02	3.942205E-01	3.162117E-03	6.411319E-03
8.396415E-02	3.690405E-01	2.921786E-03	6.416518E-03
8.730579E-02	3.578852E-01	2.826974E-03	6.420407E-03
9.078042E-02	3.495087E-01	2.718179E-03	6.474856E-03
9.439334E-02	3.355087E-01	2.569622E-03	6.495146E-03
9.815004E-02	3.335224E-01	2.475216E-03	6.503450E-03
1.020563E-01	3.195158E-01	2.317690E-03	6.557500E-03
1.061179E-01	3.164976E-01	2.239141E-03	6.607189E-03
1.103413E-01	3.065967E-01	2.183467E-03	6.623945E-03
1.147327E-01	3.052753E-01	2.029998E-03	6.655019E-03
1.192989E-01	3.002468E-01	1.960653E-03	6.727979E-03
1.240468E-01	2.993905E-01	1.887008E-03	6.752796E-03
1.289836E-01	2.976771E-01	1.806958E-03	6.801435E-03
1.341170E-01	2.938880E-01	1.751203E-03	6.859077E-03
1.394546E-01	2.914072E-01	1.649805E-03	6.913409E-03
1.450047E-01	2.908530E-01	1.602141E-03	6.981092E-03
1.507756E-01	2.905031E-01	1.522199E-03	7.042140E-03
1.567763E-01	2.871870E-01	1.467112E-03	7.118492E-03
1.630157E-01	2.861256E-01	1.410412E-03	7.180871E-03
1.695035E-01	2.866866E-01	1.347168E-03	7.273933E-03
1.762495E-01	2.847091E-01	1.303260E-03	7.341085E-03
1.832639E-01	2.874813E-01	1.242824E-03	7.446679E-03
1.905575E-01	2.837479E-01	1.197524E-03	7.549911E-03
1.981414E-01	2.862958E-01	1.158511E-03	7.646776E-03
2.060271E-01	2.829046E-01	1.100469E-03	7.766719E-03
2.142267E-01	2.824362E-01	1.063506E-03	7.883637E-03
2.227526E-01	2.835659E-01	1.017237E-03	8.009432E-03
2.316178E-01	2.818924E-01	9.849222E-04	8.143445E-03
2.408358E-01	2.829931E-01	9.418126E-04	8.284883E-03
2.504207E-01	2.811428E-01	9.089729E-04	8.436936E-03
2.603870E-01	2.821446E-01	8.702342E-04	8.600134E-03
2.707500E-01	2.840812E-01	8.382708E-04	8.770334E-03
2.815254E-01	2.817406E-01	8.040259E-04	8.945639E-03
2.927297E-01	2.811731E-01	7.719539E-04	9.142194E-03
3.043799E-01	2.805059E-01	7.415793E-04	9.347902E-03
3.164937E-01	2.819263E-01	7.147231E-04	9.562284E-03
3.290897E-01	2.805197E-01	6.873690E-04	9.779580E-03
3.421869E-01	2.802355E-01	6.584852E-04	1.002765E-02
3.558054E-01	2.803106E-01	6.368600E-04	1.028253E-02
3.699659E-01	2.811835E-01	6.191328E-04	1.056967E-02
3.846899E-01	2.802855E-01	6.065534E-04	1.088120E-02
4.000000E-01	2.791828E-01	8.448414E-04	1.113722E-02
