# I(Q)
#Q (1/A)        I (1/cm)        dI (1/cm)       dQ (1/A)
6.000000E-03	1.152378E+01	2.142409E-01	1.204937E-03
6.293041E-03	1.074931E+01	1.388414E-01	1.192493E-03
6.600394E-03	1.160843E+01	1.346641E-01	1.202679E-03
6.922758E-03	1.082213E+01	1.191213E-01	1.206472E-03
7.260867E-03	1.098690E+01	1.116844E-01	1.217148E-03
7.615488E-03	1.099840E+01	1.047486E-01	1.206582E-03
7.987430E-03	1.061496E+01	9.606404E-02	1.215796E-03
8.377537E-03	1.056024E+01	9.265845E-02	1.217102E-03
8.786697E-03	1.065221E+01	8.945679E-02	1.218262E-03
9.215841E-03	1.080211E+01	8.599096E-02	1.213458E-03
9.665944E-03	1.090664E+01	8.342827E-02	1.209338E-03
1.013803E-02	1.084901E+01	7.867874E-02	1.218605E-03
1.063317E-02	1.079483E+01	7.319785E-02	1.220092E-03
1.115250E-02	1.132880E+01	7.205062E-02	1.213104E-03
1.169719E-02	1.100300E+01	6.794405E-02	1.217463E-03
1.226848E-02	1.117748E+01	6.525117E-02	1.225188E-03
1.286767E-02	1.155298E+01	6.282539E-02	1.219047E-03
1.349613E-02	1.154018E+01	6.104011E-02	1.221268E-03
1.415529E-02	1.163702E+01	5.691097E-02	1.223618E-03
1.484663E-02	1.192915E+01	5.522815E-02	1.225274E-03
1.557174E-02	1.225915E+01	5.407000E-02	1.224913E-03
1.633227E-02	1.229500E+01	5.139321E-02	1.227385E-03
1.712994E-02	1.288569E+01	5.042190E-02	1.229663E-03
1.796657E-02	1.310605E+01	4.782797E-02	1.228982E-03
1.884406E-02	1.349921E+01	4.645580E-02	1.233940E-03
1.976441E-02	1.396405E+01	4.530379E-02	1.236411E-03
2.072970E-02	1.447764E+01	4.415662E-02	1.236494E-03
2.174214E-02	1.521161E+01	4.287490E-02	1.238945E-03
2.280403E-02	1.605445E+01	4.235180E-02	1.242567E-03
2.391779E-02	1.670408E+01	4.084139E-02	1.246108E-03
2.508593E-02	1.777451E+01	4.014076E-02	1.249451E-03
2.631113E-02	1.896406E+01	3.966173E-02	1.254432E-03
2.759617E-02	2.047386E+01	3.928780E-02	1.257929E-03
2.894398E-02	2.199856E+01	3.877200E-02	1.262056E-03
3.035760E-02	2.382907E+01	3.822933E-02	1.267461E-03
3.184027E-02	2.584335E+01	3.824611E-02	1.273923E-03
3.339536E-02	2.784305E+01	3.757601E-02	1.279044E-03
3.502639E-02	2.984186E+01	3.714170E-02	1.287388E-03
3.673708E-02	3.145095E+01	3.651266E-02	1.294625E-03
3.853133E-02	3.213151E+01	3.512356E-02	1.301945E-03
4.041320E-02	3.151382E+01	3.312305E-02	1.312015E-03
4.238699E-02	2.981622E+01	3.072338E-02	1.321440E-03
4.445718E-02	2.677095E+01	2.781148E-02	1.332123E-03
4.662847E-02	2.308073E+01	2.456840E-02	1.343938E-03
4.890581E-02	1.917172E+01	2.133517E-02	1.357614E-03
5.129438E-02	1.560523E+01	1.837995E-02	1.372448E-03
5.379961E-02	1.248911E+01	1.562918E-02	1.387556E-03
5.642719E-02	9.995756E+00	1.343259E-02	1.405097E-03
5.683323E-02	9.634418E+00	1.482144E-02	6.063930E-03
5.909511E-02	8.062570E+00	1.420190E-02	6.083456E-03
5.918310E-02	7.999257E+00	1.146897E-02	1.424984E-03
6.144700E-02	6.995670E+00	1.216095E-02	6.097079E-03
6.389249E-02	5.482902E+00	1.009990E-02	6.112267E-03
6.643531E-02	4.640579E+00	9.548752E-03	6.102959E-03
6.907933E-02	3.971827E+00	7.923282E-03	6.154510E-03
7.182858E-02	3.197500E+00	7.278041E-03	6.148748E-03
7.468724E-02	2.738699E+00	6.083474E-03	6.168229E-03
7.765968E-02	2.308604E+00	5.605356E-03	6.188301E-03
8.075041E-02	1.977232E+00	5.006382E-03	6.212097E-03
8.396415E-02	1.702155E+00	4.423597E-03	6.240380E-03
8.730579E-02	1.464634E+00	4.042407E-03	6.253958E-03
9.078042E-02	1.277216E+00	3.556431E-03	6.285748E-03
9.439334E-02	1.116313E+00	3.217784E-03	6.319747E-03
9.815004E-02	9.760933E-01	2.939568E-03	6.345315E-03
1.020563E-01	8.679974E-01	2.733420E-03	6.384323E-03
1.061179E-01	7.723217E-01	2.423027E-03	6.408840E-03
1.103413E-01	6.831967E-01	2.230710E-03	6.442248E-03
1.147327E-01	6.371913E-01	2.092915E-03	6.502493E-03
1.192989E-01	5.794720E-01	1.932128E-03	6.526934E-03
1.240468E-01	5.275877E-01	1.783035E-03	6.565554E-03
1.289836E-01	5.009003E-01	1.660222E-03	6.628352E-03
1.341170E-01	4.715278E-01	1.594395E-03	6.685545E-03
1.394546E-01	4.490548E-01	1.484568E-03	6.733255E-03
1.450047E-01	4.276438E-01	1.406849E-03	6.793122E-03
1.507756E-01	4.129512E-01	1.310229E-03	6.859372E-03
1.567763E-01	3.995205E-01	1.271140E-03	6.925253E-03
1.630157E-01	3.887681E-01	1.211204E-03	6.998964E-03
1.695035E-01	3.724157E-01	1.128085E-03	7.076665E-03
1.762495E-01	3.635874E-01	1.082274E-03	7.156518E-03
1.832639E-01	3.504589E-01	1.014629E-03	7.249921E-03
1.905575E-01	3.391982E-01	9.771879E-04	7.347901E-03
1.981414E-01	3.291145E-01	9.248613E-04	7.444485E-03
2.060271E-01	3.220773E-01	8.844442E-04	7.556904E-03
2.142267E-01	3.138776E-01	8.352279E-04	7.673115E-03
2.227526E-01	3.060940E-01	8.015899E-04	7.795179E-03
2.316178E-01	2.992368E-01	7.668907E-04	7.922863E-03
2.408358E-01	2.949912E-01	7.305136E-04	8.067263E-03
2.504207E-01	2.918548E-01	6.989868E-04	8.211703E-03
2.603870E-01	2.858669E-01	6.683141E-04	8.369442E-03
2.707500E-01	2.831962E-01	6.421361E-04	8.535380E-03
2.815254E-01	2.808300E-01	6.122289E-04	8.705142E-03
2.927297E-01	2.780448E-01	5.874633E-04	8.897957E-03
3.043799E-01	2.765759E-01	5.654460E-04	9.094064E-03
3.164937E-01	2.742068E-01	5.400138E-04	9.297871E-03
3.290897E-01	2.722050E-01	5.183274E-04	9.522507E-03
3.421869E-01	2.692990E-01	4.952840E-04	9.749175E-03
3.558054E-01	2.688537E-01	4.779722E-04	1.000031E-02
3.699659E-01	2.651978E-01	4.636193E-04	1.026815E-02
3.846899E-01	2.640895E-01	4.534777E-04	1.055743E-02
4.000000E-01	2.657161E-01	6.379373E-04	1.080837E-02
