   1.0000000e+00   1.5946966e-04   1.6120782e-04   1.7364628e-04   1.8345361e-04   2.0280369e-04   2.4874298e-04   1.7498850e-04   1.4931071e-04   2.3784172e-04   2.0757323e-04
   2.0000000e+00   1.5500587e-04   1.5666930e-04   1.6871915e-04   1.7829080e-04   1.9701336e-04   2.4158035e-04   1.7007252e-04   1.4507956e-04   2.3098557e-04   2.0160559e-04
   3.0000000e+00   1.4786077e-04   1.4940480e-04   1.6083308e-04   1.7002788e-04   1.8774804e-04   2.3011400e-04   1.6220261e-04   1.3830641e-04   2.2001076e-04   1.9205749e-04
   4.0000000e+00   1.3845004e-04   1.3983719e-04   1.5044775e-04   1.5914695e-04   1.7555102e-04   2.1500914e-04   1.5183513e-04   1.2938462e-04   2.0555523e-04   1.7949010e-04
   5.0000000e+00   1.2730588e-04   1.2850790e-04   1.3815160e-04   1.4626517e-04   1.6111738e-04   1.9711768e-04   1.3955462e-04   1.1881791e-04   1.8843574e-04   1.6462125e-04
   6.0000000e+00   1.1503342e-04   1.1603244e-04   1.2461339e-04   1.3208391e-04   1.4523650e-04   1.7740846e-04   1.2602591e-04   1.0717908e-04   1.6958089e-04   1.4826590e-04
   7.0000000e+00   1.0226235e-04   1.0305125e-04   1.1052876e-04   1.1733264e-04   1.2872855e-04   1.5689000e-04   1.1194120e-04   9.5064298e-05   1.4995686e-04   1.3127053e-04
   8.0000000e+00   8.9598700e-05   9.0180552e-05   9.6566685e-05   1.0271282e-04   1.1238116e-04   1.3653342e-04   9.7967188e-05   8.3047466e-05   1.3049343e-04   1.1444763e-04
   9.0000000e+00   7.7581145e-05   7.7967923e-05   8.3321231e-05   8.8847243e-05   9.6892260e-05   1.1720241e-04   8.4697043e-05   7.1638873e-05   1.1201682e-04   9.8516702e-05
   1.0000000e+01   6.6645734e-05   6.6856410e-05   7.1272568e-05   7.6239186e-05   8.2824232e-05   9.9596862e-05   7.2611692e-05   6.1251822e-05   9.5195714e-05   8.4056949e-05
   1.1000000e+01   5.7102019e-05   5.7160266e-05   6.0760698e-05   6.5244837e-05   7.0573093e-05   8.4214477e-05   6.2053458e-05   5.2179995e-05   8.0504561e-05   7.1475637e-05
   1.2000000e+01   4.9122108e-05   4.9053856e-05   5.1973513e-05   5.6060815e-05   6.0354861e-05   7.1333094e-05   5.3213872e-05   4.4587046e-05   6.8206896e-05   6.0994141e-05
   1.3000000e+01   4.2742859e-05   4.2573942e-05   4.4949447e-05   4.8726965e-05   5.2209188e-05   6.1014004e-05   4.6135870e-05   3.8508627e-05   5.8358769e-05   5.2651907e-05
   1.4000000e+01   3.7880048e-05   3.7634158e-05   3.9593358e-05   4.3143056e-05   4.6018693e-05   5.3124409e-05   4.0729120e-05   3.3865726e-05   5.0830557e-05   4.6326573e-05
   1.5000000e+01   3.4352161e-05   3.4049280e-05   3.5703054e-05   3.9096628e-05   4.1540794e-05   4.7375305e-05   3.6795941e-05   3.0487134e-05   4.5343553e-05   4.1766973e-05
   1.6000000e+01   3.1910629e-05   3.1566043e-05   3.3002894e-05   3.6298263e-05   3.8447791e-05   4.3369733e-05   3.4064345e-05   2.8138009e-05   4.1516412e-05   3.8634572e-05
   1.7000000e+01   3.0272876e-05   2.9896807e-05   3.1180420e-05   3.4420026e-05   3.6370352e-05   4.0655588e-05   3.2224235e-05   2.6551130e-05   3.8915887e-05   3.6548346e-05
   1.8000000e+01   2.9154519e-05   2.8752336e-05   2.9921986e-05   3.3132833e-05   3.4939582e-05   3.8777156e-05   3.0962759e-05   2.5457361e-05   3.7106229e-05   3.5128110e-05
   1.9000000e+01   2.8297465e-05   2.7870389e-05   2.8943738e-05   3.2138953e-05   3.3823417e-05   3.7320167e-05   2.9995251e-05   2.4612265e-05   3.5692266e-05   3.4031909e-05
   2.0000000e+01   2.7491377e-05   2.7037526e-05   2.8015194e-05   3.1196720e-05   3.2754044e-05   3.5946304e-05   2.9088958e-05   2.3816455e-05   3.4352257e-05   3.2984126e-05
   2.1000000e+01   2.6586939e-05   2.6102557e-05   2.6973684e-05   3.0135653e-05   3.1544411e-05   3.4414637e-05   2.8077840e-05   2.2928201e-05   3.2858153e-05   3.1792291e-05
   2.2000000e+01   2.5500431e-05   2.4981126e-05   2.5729140e-05   2.8861460e-05   3.0093256e-05   3.2589174e-05   2.6867833e-05   2.1867823e-05   3.1082504e-05   3.0352094e-05
   2.3000000e+01   2.4210150e-05   2.3651989e-05   2.4259876e-05   2.7351575e-05   2.8379508e-05   3.0433357e-05   2.5433181e-05   2.0614363e-05   2.8992861e-05   2.8641476e-05
   2.4000000e+01   2.2746119e-05   2.2146458e-05   2.2600958e-05   2.5642935e-05   2.6448033e-05   2.7993774e-05   2.3805339e-05   1.9195895e-05   2.6635893e-05   2.6705888e-05
   2.5000000e+01   2.1175144e-05   2.0533127e-05   2.0827512e-05   2.3814452e-05   2.4389557e-05   2.5376382e-05   2.2056733e-05   1.7675429e-05   2.4114411e-05   2.4637629e-05
   2.6000000e+01   1.9583649e-05   1.8900341e-05   1.9035635e-05   2.1966971e-05   2.2317965e-05   2.2719084e-05   2.0281967e-05   1.6134675e-05   2.1561008e-05   2.2552579e-05
   2.7000000e+01   1.8060681e-05   1.7338875e-05   1.7323607e-05   2.0203561e-05   2.0348174e-05   2.0164525e-05   1.8579157e-05   1.4657960e-05   1.9112029e-05   2.0567588e-05
   2.8000000e+01   1.6683236e-05   1.5926994e-05   1.5775744e-05   1.8612579e-05   1.8577337e-05   1.7836524e-05   1.7033715e-05   1.3318321e-05   1.6885136e-05   1.8781343e-05
   2.9000000e+01   1.5505492e-05   1.4719523e-05   1.4450670e-05   1.7255380e-05   1.7071414e-05   1.5822719e-05   1.5706358e-05   1.2167278e-05   1.4962924e-05   1.7260767e-05
   3.0000000e+01   1.4552874e-05   1.3741854e-05   1.3374967e-05   1.6159670e-05   1.5858205e-05   1.4164931e-05   1.4626385e-05   1.1229173e-05   1.3383972e-05   1.6034030e-05
   3.1000000e+01   1.3821126e-05   1.2989085e-05   1.2542414e-05   1.5318719e-05   1.4926976e-05   1.2857555e-05   1.3790448e-05   1.0500256e-05   1.2141604e-05   1.5090286e-05
   3.2000000e+01   1.3279913e-05   1.2429752e-05   1.1918197e-05   1.4695792e-05   1.4233915e-05   1.1853222e-05   1.3166305e-05   9.9520519e-06   1.1189575e-05   1.4385302e-05
   3.3000000e+01   1.2879863e-05   1.2013096e-05   1.1446900e-05   1.4232549e-05   1.3711919e-05   1.1074049e-05   1.2700408e-05   9.5380072e-06   1.0453033e-05   1.3851448e-05
   3.4000000e+01   1.2561671e-05   1.1678394e-05   1.1062710e-05   1.3859737e-05   1.3282802e-05   1.0426235e-05   1.2327825e-05   9.2021010e-06   9.8425805e-06   1.3410075e-05
   3.5000000e+01   1.2265699e-05   1.1364783e-05   1.0700072e-05   1.3508378e-05   1.2869869e-05   9.8155239e-06   1.1982779e-05   8.8879422e-06   9.2690473e-06   1.2984193e-05
   3.6000000e+01   1.1940621e-05   1.1020095e-05   1.0303224e-05   1.3119759e-05   1.2408962e-05   9.1611983e-06   1.1608217e-05   8.5469835e-06   8.6567357e-06   1.2509542e-05
   3.7000000e+01   1.1549960e-05   1.0607497e-05   9.8332979e-06   1.2652863e-05   1.1856491e-05   8.4067040e-06   1.1163118e-05   8.1447404e-06   7.9533460e-06   1.1942581e-05
   3.8000000e+01   1.1075742e-05   1.0109192e-05   9.2721896e-06   1.2088425e-05   1.1193577e-05   7.5256792e-06   1.0626690e-05   7.6643002e-06   7.1354389e-06   1.1264514e-05
   3.9000000e+01   1.0519040e-05   9.5268986e-06   8.6229434e-06   1.1429319e-05   1.0426048e-05   6.5229402e-06   9.9991407e-06   7.1068696e-06   6.2090523e-06   1.0481164e-05
   4.0000000e+01   9.8975960e-06   8.8793721e-06   7.9069144e-06   1.0697575e-05   9.5806991e-06   5.4307444e-06   9.2992441e-06   6.4895617e-06   5.2058262e-06   9.6191063e-06
   4.1000000e+01   9.2411782e-06   8.1975874e-06   7.1584415e-06   9.9287936e-06   8.6987314e-06   4.3013135e-06   8.5593622e-06   5.8410117e-06   4.1756220e-06   8.7190354e-06
   4.2000000e+01   8.5855605e-06   7.5185355e-06   6.4180564e-06   9.1650299e-06   7.8276181e-06   3.1970546e-06   7.8188989e-06   5.1956773e-06   3.1770492e-06   7.8276175e-06
   4.3000000e+01   7.9661616e-06   6.8786868e-06   5.7253847e-06   8.4473621e-06   7.0127890e-06   2.1801336e-06   7.1173118e-06   4.5877960e-06   2.2674981e-06   6.9892331e-06
   4.4000000e+01   7.4123360e-06   6.3081410e-06   5.1128440e-06   7.8093036e-06   6.2904165e-06   1.3030040e-06   6.4877700e-06   4.0459436e-06   1.4942200e-06   6.2388834e-06
   4.5000000e+01   6.9431260e-06   5.8262937e-06   4.6010283e-06   7.2719879e-06   5.6823213e-06   6.0121849e-07   5.9523636e-06   3.5889629e-06   8.8770686e-07   5.5972540e-06
   4.6000000e+01   6.5649970e-06   5.4395525e-06   4.1963437e-06   6.8417167e-06   5.1936037e-06   8.9401733e-08   5.5194575e-06   3.2237660e-06   4.5817837e-07   5.0685127e-06
   4.7000000e+01   6.2717396e-06   5.1412849e-06   3.8910705e-06   6.5100503e-06   4.8131406e-06  -2.3928547e-07   5.1834137e-06   2.9451878e-06   1.9545118e-07   4.6409478e-06
   4.8000000e+01   6.0463715e-06   4.9138244e-06   3.6656438e-06   6.2562214e-06   4.5166381e-06  -4.1040628e-07   4.9265299e-06   2.7377427e-06   7.1933264e-08   4.2901065e-06
   4.9000000e+01   5.8645892e-06   4.7320608e-06   3.4926240e-06   6.0513129e-06   4.2715548e-06  -4.6292607e-07   4.7227173e-06   2.5788601e-06   4.8032827e-08   3.9837356e-06
   5.0000000e+01   5.6991080e-06   4.5679354e-06   3.3416035e-06   5.8634102e-06   4.0429735e-06  -4.4233579e-07   4.5422121e-06   2.4429792e-06   7.8959107e-08   3.6875966e-06
   5.1000000e+01   5.5241499e-06   4.3950703e-06   3.1842137e-06   5.6628492e-06   3.7994211e-06  -3.9340265e-07   4.3565103e-06   2.3057996e-06   1.2175789e-07   3.3711719e-06
   5.2000000e+01   5.3193652e-06   4.1927994e-06   2.9984370e-06   5.4267274e-06   3.5177131e-06  -3.5369412e-07   4.1427414e-06   2.1480113e-06   1.4147557e-07   3.0123627e-06
   5.3000000e+01   5.0726158e-06   3.9490086e-06   2.7715951e-06   5.1420212e-06   3.1861210e-06  -3.4881404e-07   3.8868390e-06   1.9579578e-06   1.1556166e-07   2.6005147e-06
   5.4000000e+01   4.7812644e-06   3.6614237e-06   2.5016353e-06   4.8069137e-06   2.8054714e-06  -3.8995395e-07   3.5850977e-06   1.7328896e-06   3.5957261e-08   2.1374143e-06
   5.5000000e+01   4.4518703e-06   3.3372461e-06   2.1966263e-06   4.4302463e-06   2.3881403e-06  -4.7395857e-07   3.2439847e-06   1.4787089e-06  -9.1284209e-08   1.6362488e-06
   5.6000000e+01   4.0984500e-06   2.9913059e-06   1.8726657e-06   4.0293045e-06   1.9552425e-06  -5.8569785e-07   2.8783545e-06   1.2083478e-06  -2.4860164e-07   1.1188446e-06
   5.7000000e+01   3.7396709e-06   2.6431180e-06   1.5506343e-06   3.6264012e-06   1.5325819e-06  -7.0219167e-07   2.5084530e-06   9.3912789e-07  -4.1118206e-07   6.1174787e-07
   5.8000000e+01   3.3954949e-06   2.3133799e-06   1.2523882e-06   3.2448747e-06   1.1460938e-06  -7.9769638e-07   2.1562624e-06   6.8958513e-07  -5.5207233e-07   1.4185431e-07
   5.9000000e+01   3.0838363e-06   2.0205007e-06   9.9703262e-07   2.9051802e-06   8.1754261e-07  -8.4886420e-07   1.8418060e-06   4.7629810e-07  -6.4726890e-07  -2.6768449e-07
   6.0000000e+01   2.8177661e-06   1.7777116e-06   7.9786812e-07   2.6216901e-06   5.6115505e-07  -8.3913423e-07   1.5799978e-06   3.1122376e-07  -6.7996736e-07  -6.0064925e-07
   6.1000000e+01   2.6036705e-06   1.5911831e-06   6.6045818e-07   2.4006746e-06   3.8167649e-07  -7.6169016e-07   1.3785033e-06   1.9993369e-07  -6.4333874e-07  -8.4959779e-07
   6.2000000e+01   2.4406015e-06   1.4593907e-06   5.8206261e-07   2.2397160e-06   2.7408097e-07  -6.2059066e-07   1.2368873e-06   1.4097839e-07  -5.4147275e-07  -1.0161781e-06
   6.3000000e+01   2.3208470e-06   1.3737583e-06   5.5244962e-07   2.1285658e-06   2.2488647e-07  -4.2999478e-07   1.1471075e-06   1.2641502e-07  -3.8844284e-07  -1.1099832e-06
   6.4000000e+01   2.2315605e-06   1.3204020e-06   5.5587782e-07   2.0512260e-06   2.1476937e-07  -2.1171524e-07   1.0951956e-06   1.4334748e-07  -2.0575139e-07  -1.1462545e-06
   6.5000000e+01   2.1571240e-06   1.2826361e-06   5.7386391e-07   1.9888478e-06   2.2197852e-07   8.4116321e-09   1.0637889e-06   1.7617508e-07  -1.8659368e-08  -1.1429063e-06
   6.6000000e+01   2.0818235e-06   1.2437932e-06   5.8824615e-07   1.9229344e-06   2.2594609e-07   2.0468654e-07   1.0350604e-06   2.0915043e-07   1.4794346e-07  -1.1174224e-06
   6.7000000e+01   1.9923880e-06   1.1898893e-06   5.8403182e-07   1.8383115e-06   2.1049230e-07   3.5553482e-07   9.9355528e-07   2.2881927e-07   2.7343201e-07  -1.0841546e-06
   6.8000000e+01   1.8799897e-06   1.1117099e-06   5.5157821e-07   1.7253944e-06   1.6611823e-07   4.4668089e-07   9.2848593e-07   2.2595709e-07   3.4448137e-07  -1.0524509e-06
   6.9000000e+01   1.7414112e-06   1.0060099e-06   4.8778690e-07   1.5814190e-06   9.1056660e-08   4.7303259e-07   8.3514553e-07   1.9671789e-07   3.5679214e-07  -1.0258633e-06
   7.0000000e+01   1.5792341e-06   8.7567694e-07   3.9616638e-07   1.4104873e-06  -9.0291783e-09   4.3902929e-07   7.1526116e-07   1.4285183e-07   3.1528730e-07  -1.0024890e-06
   7.1000000e+01   1.4010710e-06   7.2888145e-07   2.8580881e-07   1.2224780e-06  -1.2258021e-07   3.5746684e-07   5.7628465e-07   7.1005151e-08   2.3281998e-07  -9.7629319e-07
   7.2000000e+01   1.2180126e-06   5.7740183e-07   1.6950061e-07   1.0310557e-06  -2.3459239e-07   2.4705688e-07   4.2979057e-07  -8.7369840e-09   1.2767024e-07  -9.3910430e-07
   7.3000000e+01   1.0425837e-06   4.3443494e-07   6.1317685e-08   8.5114861e-07  -3.2952897e-07   1.2916991e-07   2.8928563e-07  -8.4790071e-08   2.0292785e-08  -8.8286927e-07
   7.4000000e+01   8.8656411e-07   3.1227401e-07  -2.5875796e-08   6.9633278e-07  -3.9418260e-07   2.4322204e-08   1.6781327e-07  -1.4615280e-07  -7.0122626e-08  -8.0173851e-07
   7.5000000e+01   7.5903924e-07   2.2023983e-07  -8.2608742e-08   5.7656032e-07  -4.2000585e-07  -5.1017412e-08   7.5752022e-08  -1.8428607e-07  -1.2871046e-07  -6.9360240e-07
   7.6000000e+01   6.6498560e-07   1.6319354e-07  -1.0431847e-07   4.9659136e-07  -4.0453782e-07  -8.6802744e-08   1.9155970e-08  -1.9449111e-07  -1.4712783e-07  -5.6082154e-07
   7.7000000e+01   6.0460044e-07   1.4085134e-07  -9.1977646e-08   4.5536021e-07  -3.5172093e-07  -8.0623081e-08  -1.1179154e-09  -1.7658432e-07  -1.2457234e-07  -4.1005166e-07
   7.8000000e+01   5.7345053e-07   1.4798104e-07  -5.1765465e-08   4.4634273e-07  -2.7109735e-07  -3.7612773e-08   1.0610693e-08  -1.3478981e-07  -6.7505542e-08  -2.5123437e-07
   7.9000000e+01   5.6337927e-07   1.7541361e-07   6.1239681e-09   4.5882395e-07  -1.7606392e-07   3.0866478e-08   4.5715919e-08  -7.6902048e-08   1.1815259e-08  -9.5974903e-08
   8.0000000e+01   5.6398948e-07   2.1167144e-07   6.9304391e-08   4.7982024e-07  -8.1518233e-08   1.0949898e-07   9.2806864e-08  -1.2887615e-08   9.7703687e-08   4.4367757e-08
   8.1000000e+01   5.6443252e-07   2.4492160e-07   1.2532353e-07   4.9631032e-07  -1.3207000e-09   1.8182898e-07   1.3965899e-07   4.6819607e-08   1.7388028e-07   1.6051114e-07
   8.2000000e+01   5.5519515e-07   2.6491904e-07   1.6372631e-07   4.9739093e-07   5.3984195e-08   2.3312963e-07   1.7520343e-07   9.3035894e-08   2.2628848e-07   2.4666028e-07
   8.3000000e+01   5.2958851e-07   2.6461804e-07   1.7771178e-07   4.7599794e-07   7.8801962e-08   2.5285298e-07   1.9124610e-07   1.1927317e-07   2.4542312e-07   3.0124841e-07
   8.4000000e+01   4.8470460e-07   2.4119550e-07   1.6511927e-07   4.2991848e-07   7.3213227e-08   2.3627480e-07   1.8364593e-07   1.2268369e-07   2.2780176e-07   3.2688959e-07
   8.5000000e+01   4.2170243e-07   1.9633500e-07   1.2859952e-07   3.6194603e-07   4.2689006e-08   1.8509566e-07   1.5278037e-07   1.0436620e-07   1.7636444e-07   3.2957777e-07
   8.6000000e+01   3.4540255e-07   1.3574728e-07   7.4966940e-08   2.7917907e-07  -3.1279308e-09   1.0694049e-07   1.0324968e-07   6.9006263e-08   9.9772410e-08   3.1731009e-07
   8.7000000e+01   2.6328418e-07   6.8029864e-08   1.3866409e-08   1.9160697e-07  -5.2339413e-08   1.3882396e-08   4.2897901e-08   2.3934446e-08   1.0760632e-08   2.9841954e-07
   8.8000000e+01   1.8407487e-07   3.0754173e-09  -4.4000717e-08   1.1024325e-07  -9.3052902e-08  -7.9727251e-08  -1.8662351e-08  -2.2220316e-08  -7.6148621e-08   2.7995466e-07
   8.9000000e+01   1.1618401e-07  -4.9692569e-08  -8.8778857e-08   4.5136167e-08  -1.1557983e-07  -1.5973596e-07  -7.1759569e-08  -6.1043842e-08  -1.4716643e-07   2.6643138e-07
   9.0000000e+01   6.6249094e-08  -8.2956124e-08  -1.1316213e-07   3.5994171e-09  -1.1418057e-07  -2.1455084e-07  -1.0831654e-07  -8.5757989e-08  -1.9156022e-07   2.5920603e-07
   9.1000000e+01   3.8035552e-08  -9.2739125e-08  -1.1361401e-07  -1.1038344e-08  -8.8049306e-08  -2.3699292e-07  -1.2317549e-07  -9.2315282e-08  -2.0339219e-07   2.5659392e-07
   9.2000000e+01   3.1864272e-08  -7.9044031e-08  -9.0904542e-08   3.9549890e-11  -4.1368704e-08  -2.2535231e-07  -1.1488697e-07  -7.9993736e-08  -1.8239454e-07   2.5470528e-07
   9.3000000e+01   4.4646553e-08  -4.5793529e-08  -4.9886019e-08   3.1412796e-08   1.7569936e-08  -1.8349352e-07  -8.5849792e-08  -5.1407338e-08  -1.3385484e-07   2.4881979e-07
   9.4000000e+01   7.0501665e-08  -9.9359579e-11   1.4414259e-09   7.4441803e-08   7.8019055e-08  -1.2002342e-07  -4.1800027e-08  -1.1947916e-08  -6.7554401e-08   2.3499917e-07
   9.5000000e+01   1.0183436e-07   4.9007379e-08   5.3402883e-08   1.1884275e-07   1.2889843e-07  -4.6690145e-08   9.2447074e-09   3.1230911e-08   4.0389322e-09   2.1156925e-07
   9.6000000e+01   1.3067520e-07   9.2162061e-08   9.6399369e-08   1.5454114e-07   1.6100085e-07   2.3695237e-08   5.8392830e-08   7.0502875e-08   6.7999994e-08   1.8010289e-07
   9.7000000e+01   1.5004696e-07   1.2129600e-07   1.2263008e-07   1.7347902e-07   1.6886905e-07   7.9450785e-08   9.7392467e-08   9.9104939e-08   1.1320887e-07   1.4560703e-07
   9.8000000e+01   1.5512192e-07   1.3103243e-07   1.2748683e-07   1.7105958e-07   1.5198200e-07   1.1195706e-07   1.1999504e-07   1.1229093e-07   1.3225858e-07   1.1575130e-07
   9.9000000e+01   1.4397582e-07   1.1961294e-07   1.1037803e-07   1.4697444e-07   1.1500064e-07   1.1701266e-07   1.2294477e-07   1.0810969e-07   1.2268546e-07   9.9151655e-08
   1.0000000e+02   1.1781749e-07   8.9197652e-08   7.4836702e-08   1.0526267e-07   6.6980413e-08   9.5398009e-08   1.0643849e-07   8.7681962e-08   8.7318408e-08   1.0291124e-07
   1.0100000e+02   8.0665815e-08   4.5486681e-08   2.7887964e-08   5.3579613e-08   1.9634835e-08   5.2572417e-08   7.3992674e-08   5.4937860e-08   3.3694754e-08   1.2979007e-07
   1.0200000e+02   3.8541092e-08  -3.2774029e-09  -2.1223189e-08   1.7859321e-09  -1.5097891e-08  -2.4226714e-09   3.1754994e-08   1.5869150e-08  -2.7351087e-08   1.7549353e-07
   1.0300000e+02  -1.6792385e-09  -4.7764958e-08  -6.2734749e-08  -3.9917671e-08  -2.7802560e-08  -5.8648465e-08  -1.2610189e-08  -2.2567355e-08  -8.3680514e-08   2.2661396e-07
   1.0400000e+02  -3.3534340e-08  -7.9236514e-08  -8.8217667e-08  -6.3006642e-08  -1.4194747e-08  -1.0524046e-07  -5.1265228e-08  -5.3700834e-08  -1.2408231e-07   2.5971638e-07
   1.0500000e+02  -5.2157069e-08  -9.1169798e-08  -9.2261669e-08  -6.2467388e-08   2.2865146e-08  -1.3332297e-07  -7.7540575e-08  -7.2332916e-08  -1.4036048e-07   2.4192990e-07
   1.0600000e+02  -5.5147062e-08  -8.0572344e-08  -7.3708693e-08  -3.8143519e-08   7.2331495e-08  -1.3753864e-07  -8.7049228e-08  -7.5653015e-08  -1.2892047e-07   1.3320557e-07
   1.0700000e+02  -4.2986922e-08  -4.8765862e-08  -3.6216028e-08   4.6387166e-09   1.1514953e-07  -1.1693649e-07  -7.8392838e-08  -6.3723292e-08  -9.1579880e-08  -1.0984345e-07
   1.0800000e+02  -1.8929182e-08  -1.5128302e-09   1.1962556e-08   5.5285190e-08   1.2571062e-07  -7.5075907e-08  -5.3351186e-08  -3.9447934e-08  -3.5459134e-08  -5.2885656e-07
   1.0900000e+02   1.1625225e-08   5.1539689e-08   5.8964334e-08   9.8975623e-08   7.4453946e-08  -1.9340786e-08  -1.6536801e-08  -8.0295210e-09   2.8038991e-08  -1.1579548e-06
   1.1000000e+02   4.2146587e-08   9.8016139e-08   9.0936534e-08   1.1838786e-07  -6.8699192e-08   4.0405465e-08   2.5412022e-08   2.3997156e-08   8.5000098e-08   0.0000000e+00
   1.1100000e+02   6.6212527e-08   1.2439152e-07   9.4046417e-08   0.0000000e+00  -3.3053025e-07   9.3580583e-08   6.4948990e-08   4.9990982e-08   1.2123251e-07   0.0000000e+00
   1.1200000e+02   7.8738448e-08   1.1775115e-07   5.6576776e-08   0.0000000e+00   0.0000000e+00   1.3074552e-07   9.4846807e-08   6.4481826e-08   1.2459954e-07   0.0000000e+00
   1.1300000e+02   7.6977237e-08   6.7462102e-08  -2.9216528e-08   0.0000000e+00   0.0000000e+00   1.4523711e-07   1.0931615e-07   6.4280195e-08   8.7064655e-08   0.0000000e+00
   1.1400000e+02   6.1098737e-08  -3.3496420e-08  -1.6577528e-07   0.0000000e+00   0.0000000e+00   1.3428062e-07   1.0482121e-07   4.9225714e-08   6.1083977e-09   0.0000000e+00
   1.1500000e+02   3.4227939e-08  -1.8774117e-07   0.0000000e+00   0.0000000e+00   0.0000000e+00   9.9381348e-08   8.0451445e-08   2.2438830e-08  -1.1472503e-07   0.0000000e+00
   1.1600000e+02   0.0000000e+00   0.0000000e+00   0.0000000e+00   0.0000000e+00   0.0000000e+00   4.5919188e-08   3.7788498e-08  -9.9790769e-09   0.0000000e+00   0.0000000e+00
   1.1700000e+02   0.0000000e+00   0.0000000e+00   0.0000000e+00   0.0000000e+00   0.0000000e+00  -1.7991287e-08  -1.9703321e-08  -3.9761478e-08   0.0000000e+00   0.0000000e+00
   1.1800000e+02   0.0000000e+00   0.0000000e+00   0.0000000e+00   0.0000000e+00   0.0000000e+00  -8.3183634e-08  -8.7649756e-08  -5.7687061e-08   0.0000000e+00   0.0000000e+00
   1.1900000e+02   0.0000000e+00   0.0000000e+00   0.0000000e+00   0.0000000e+00   0.0000000e+00  -1.4137536e-07  -1.6192357e-07  -5.4996725e-08   0.0000000e+00   0.0000000e+00
