# I(Q)
#Q (1/A)        I (1/cm)        dI (1/cm)       dQ (1/A)
6.000000E-03	1.308458E+00	6.193001E-02	1.196792E-03
6.293041E-03	1.320280E+00	4.062824E-02	1.182161E-03
6.600394E-03	1.364853E+00	3.760727E-02	1.194022E-03
6.922758E-03	1.238062E+00	3.269994E-02	1.198040E-03
7.260867E-03	1.185899E+00	2.985718E-02	1.207102E-03
7.615488E-03	1.235639E+00	2.782024E-02	1.200977E-03
7.987430E-03	1.237076E+00	2.590541E-02	1.211179E-03
8.377537E-03	1.155752E+00	2.419437E-02	1.214460E-03
8.786697E-03	1.155549E+00	2.307836E-02	1.217110E-03
9.215841E-03	1.224914E+00	2.226950E-02	1.209652E-03
9.665944E-03	1.171750E+00	2.112809E-02	1.207604E-03
1.013803E-02	1.178062E+00	2.000501E-02	1.220003E-03
1.063317E-02	1.166080E+00	1.833684E-02	1.219496E-03
1.115250E-02	1.168319E+00	1.765534E-02	1.214810E-03
1.169719E-02	1.140427E+00	1.669596E-02	1.217778E-03
1.226848E-02	1.140823E+00	1.581936E-02	1.227145E-03
1.286767E-02	1.154340E+00	1.508957E-02	1.220362E-03
1.349613E-02	1.152547E+00	1.456413E-02	1.222873E-03
1.415529E-02	1.103857E+00	1.325885E-02	1.225419E-03
1.484663E-02	1.126843E+00	1.284923E-02	1.228044E-03
1.557174E-02	1.135529E+00	1.244945E-02	1.227600E-03
1.633227E-02	1.071674E+00	1.146519E-02	1.230453E-03
1.712994E-02	1.105839E+00	1.112765E-02	1.231037E-03
1.796657E-02	1.052895E+00	1.024560E-02	1.232179E-03
1.884406E-02	1.103342E+00	1.001153E-02	1.236486E-03
1.976441E-02	1.057604E+00	9.449811E-03	1.238137E-03
2.072970E-02	1.019677E+00	8.865745E-03	1.241685E-03
2.174214E-02	1.004300E+00	8.366466E-03	1.243292E-03
2.280403E-02	9.990999E-01	7.996103E-03	1.246385E-03
2.391779E-02	9.773408E-01	7.497743E-03	1.248859E-03
2.508593E-02	9.657774E-01	7.111108E-03	1.255303E-03
2.631113E-02	9.286096E-01	6.683628E-03	1.258700E-03
2.759617E-02	8.843172E-01	6.253702E-03	1.262747E-03
2.894398E-02	8.725416E-01	5.897955E-03	1.268769E-03
3.035760E-02	8.464474E-01	5.536455E-03	1.273531E-03
3.184027E-02	8.096486E-01	5.212249E-03	1.280967E-03
3.339536E-02	7.644820E-01	4.820768E-03	1.286494E-03
3.502639E-02	7.175454E-01	4.481571E-03	1.295669E-03
3.673708E-02	6.747092E-01	4.186752E-03	1.303464E-03
3.853133E-02	6.382223E-01	3.892253E-03	1.311899E-03
4.041320E-02	5.863875E-01	3.587905E-03	1.323001E-03
4.238699E-02	5.475992E-01	3.328588E-03	1.334424E-03
4.445718E-02	5.024030E-01	3.077551E-03	1.345138E-03
4.662847E-02	4.603378E-01	2.831347E-03	1.358059E-03
4.890581E-02	4.166366E-01	2.597985E-03	1.373062E-03
5.129438E-02	3.787528E-01	2.392697E-03	1.388903E-03
5.379961E-02	3.284357E-01	2.161632E-03	1.405976E-03
5.642719E-02	2.892816E-01	1.995772E-03	1.425134E-03
5.683323E-02	2.815803E-01	2.559201E-03	6.071188E-03
5.909511E-02	2.571861E-01	2.608963E-03	6.099950E-03
5.918310E-02	2.529459E-01	1.812743E-03	1.446313E-03
6.144700E-02	2.439273E-01	2.365691E-03	6.101060E-03
6.389249E-02	2.120131E-01	2.107037E-03	6.122792E-03
6.643531E-02	1.937932E-01	2.109104E-03	6.112801E-03
6.907933E-02	1.758020E-01	1.845054E-03	6.167057E-03
7.182858E-02	1.576923E-01	1.812004E-03	6.153869E-03
7.468724E-02	1.428242E-01	1.580270E-03	6.178166E-03
7.765968E-02	1.302311E-01	1.548229E-03	6.199516E-03
8.075041E-02	1.207882E-01	1.457691E-03	6.223793E-03
8.396415E-02	1.084609E-01	1.348631E-03	6.252975E-03
8.730579E-02	9.982578E-02	1.293250E-03	6.260940E-03
9.078042E-02	9.315874E-02	1.200677E-03	6.297590E-03
9.439334E-02	8.749512E-02	1.132288E-03	6.328399E-03
9.815004E-02	8.177299E-02	1.088114E-03	6.351739E-03
1.020563E-01	7.565272E-02	1.045662E-03	6.391081E-03
1.061179E-01	7.800471E-02	9.813976E-04	6.410989E-03
1.103413E-01	7.258921E-02	9.386427E-04	6.445864E-03
1.147327E-01	7.213594E-02	9.087915E-04	6.506131E-03
1.192989E-01	6.974637E-02	8.646497E-04	6.530625E-03
1.240468E-01	6.663902E-02	8.251994E-04	6.567965E-03
1.289836E-01	6.643658E-02	7.852903E-04	6.628843E-03
1.341170E-01	6.628906E-02	7.730252E-04	6.684901E-03
1.394546E-01	6.690837E-02	7.338459E-04	6.735845E-03
1.450047E-01	6.605927E-02	7.082911E-04	6.792378E-03
1.507756E-01	6.490797E-02	6.667662E-04	6.861882E-03
1.567763E-01	6.350896E-02	6.520641E-04	6.924653E-03
1.630157E-01	6.424026E-02	6.305149E-04	6.998032E-03
1.695035E-01	6.451950E-02	5.955622E-04	7.073178E-03
1.762495E-01	6.393822E-02	5.774744E-04	7.154869E-03
1.832639E-01	6.389672E-02	5.477069E-04	7.249566E-03
1.905575E-01	6.239813E-02	5.317209E-04	7.346512E-03
1.981414E-01	6.247378E-02	5.099296E-04	7.441593E-03
2.060271E-01	6.250061E-02	4.910040E-04	7.553110E-03
2.142267E-01	6.207512E-02	4.678454E-04	7.669933E-03
2.227526E-01	6.204404E-02	4.532164E-04	7.790739E-03
2.316178E-01	6.272516E-02	4.386433E-04	7.921680E-03
2.408358E-01	6.279921E-02	4.197143E-04	8.064251E-03
2.504207E-01	6.247494E-02	4.025137E-04	8.207951E-03
2.603870E-01	6.157373E-02	3.866315E-04	8.365983E-03
2.707500E-01	6.177338E-02	3.735313E-04	8.529524E-03
2.815254E-01	6.206555E-02	3.572085E-04	8.700730E-03
2.927297E-01	6.146997E-02	3.432738E-04	8.893107E-03
3.043799E-01	6.196886E-02	3.310457E-04	9.089877E-03
3.164937E-01	6.213346E-02	3.172906E-04	9.292165E-03
3.290897E-01	6.168670E-02	3.046654E-04	9.517704E-03
3.421869E-01	6.128244E-02	2.920074E-04	9.744021E-03
3.558054E-01	6.186961E-02	2.822636E-04	9.994521E-03
3.699659E-01	6.080512E-02	2.740878E-04	1.026289E-02
3.846899E-01	6.014806E-02	2.678628E-04	1.055184E-02
4.000000E-01	6.170725E-02	3.777990E-04	1.080231E-02
