# I(Q)
#Q (1/A)        I (1/cm)        dI (1/cm)       dQ (1/A)
6.000000E-03	1.112303E+00	6.144347E-02	1.202044E-03
6.293041E-03	1.064837E+00	3.930308E-02	1.183299E-03
6.600394E-03	1.070067E+00	3.601071E-02	1.192995E-03
6.922758E-03	9.828028E-01	3.164646E-02	1.204327E-03
7.260867E-03	9.857695E-01	2.907924E-02	1.214749E-03
7.615488E-03	1.032014E+00	2.716080E-02	1.207690E-03
7.987430E-03	9.590086E-01	2.449528E-02	1.215543E-03
8.377537E-03	9.289349E-01	2.319087E-02	1.222184E-03
8.786697E-03	9.779989E-01	2.256573E-02	1.221265E-03
9.215841E-03	9.316684E-01	2.083590E-02	1.214563E-03
9.665944E-03	9.763979E-01	2.054123E-02	1.212854E-03
1.013803E-02	9.390801E-01	1.906150E-02	1.224491E-03
1.063317E-02	9.599714E-01	1.765500E-02	1.223125E-03
1.115250E-02	9.644843E-01	1.702916E-02	1.219377E-03
1.169719E-02	8.836757E-01	1.569891E-02	1.224188E-03
1.226848E-02	8.766202E-01	1.481648E-02	1.231260E-03
1.286767E-02	9.259207E-01	1.439037E-02	1.224665E-03
1.349613E-02	9.239000E-01	1.385841E-02	1.229701E-03
1.415529E-02	8.816659E-01	1.259308E-02	1.230829E-03
1.484663E-02	9.005740E-01	1.220402E-02	1.232992E-03
1.557174E-02	8.893327E-01	1.171044E-02	1.234334E-03
1.633227E-02	8.640776E-01	1.092863E-02	1.235181E-03
1.712994E-02	8.680003E-01	1.047306E-02	1.239527E-03
1.796657E-02	8.502616E-01	9.762535E-03	1.238180E-03
1.884406E-02	8.635035E-01	9.414233E-03	1.241394E-03
1.976441E-02	8.305535E-01	8.903240E-03	1.244795E-03
2.072970E-02	8.492066E-01	8.569286E-03	1.246296E-03
2.174214E-02	8.271005E-01	8.041241E-03	1.250719E-03
2.280403E-02	8.073475E-01	7.610098E-03	1.253660E-03
2.391779E-02	8.045443E-01	7.212642E-03	1.256293E-03
2.508593E-02	7.915612E-01	6.820032E-03	1.260547E-03
2.631113E-02	7.770110E-01	6.463339E-03	1.265158E-03
2.759617E-02	7.551560E-01	6.104224E-03	1.270187E-03
2.894398E-02	7.295072E-01	5.713883E-03	1.274305E-03
3.035760E-02	6.987624E-01	5.330449E-03	1.281805E-03
3.184027E-02	6.820524E-01	5.055240E-03	1.288430E-03
3.339536E-02	6.566811E-01	4.718917E-03	1.294162E-03
3.502639E-02	6.330664E-01	4.436690E-03	1.302881E-03
3.673708E-02	6.018268E-01	4.166810E-03	1.309794E-03
3.853133E-02	5.765045E-01	3.892493E-03	1.318567E-03
4.041320E-02	5.346031E-01	3.594968E-03	1.330881E-03
4.238699E-02	5.126949E-01	3.379076E-03	1.340742E-03
4.445718E-02	4.778001E-01	3.131742E-03	1.353347E-03
4.662847E-02	4.505417E-01	2.918977E-03	1.365518E-03
4.890581E-02	4.167388E-01	2.694871E-03	1.380460E-03
5.129438E-02	3.864338E-01	2.498911E-03	1.396402E-03
5.379961E-02	3.618946E-01	2.317242E-03	1.412057E-03
5.642719E-02	3.344179E-01	2.169232E-03	1.430122E-03
5.683323E-02	3.261333E-01	2.999300E-03	6.071875E-03
5.909511E-02	3.079936E-01	3.093721E-03	6.099714E-03
5.918310E-02	3.024432E-01	1.988694E-03	1.451625E-03
6.144700E-02	3.045552E-01	2.846538E-03	6.104756E-03
6.389249E-02	2.685141E-01	2.545087E-03	6.126093E-03
6.643531E-02	2.584396E-01	2.590425E-03	6.116538E-03
6.907933E-02	2.462114E-01	2.298047E-03	6.166663E-03
7.182858E-02	2.263045E-01	2.271319E-03	6.161700E-03
7.468724E-02	2.191952E-01	2.020858E-03	6.181182E-03
7.765968E-02	2.096303E-01	2.000101E-03	6.198442E-03
8.075041E-02	1.995719E-01	1.892095E-03	6.225581E-03
8.396415E-02	1.873723E-01	1.762995E-03	6.252280E-03
8.730579E-02	1.784426E-01	1.703585E-03	6.262078E-03
9.078042E-02	1.748525E-01	1.595521E-03	6.297582E-03
9.439334E-02	1.701146E-01	1.517158E-03	6.329459E-03
9.815004E-02	1.615708E-01	1.455375E-03	6.350296E-03
1.020563E-01	1.598043E-01	1.420028E-03	6.388592E-03
1.061179E-01	1.557352E-01	1.314803E-03	6.416022E-03
1.103413E-01	1.550111E-01	1.274694E-03	6.450423E-03
1.147327E-01	1.540077E-01	1.231351E-03	6.505700E-03
1.192989E-01	1.539828E-01	1.182934E-03	6.530531E-03
1.240468E-01	1.487806E-01	1.125998E-03	6.566688E-03
1.289836E-01	1.488877E-01	1.071771E-03	6.632036E-03
1.341170E-01	1.480881E-01	1.053681E-03	6.686141E-03
1.394546E-01	1.496258E-01	1.002548E-03	6.732202E-03
1.450047E-01	1.501273E-01	9.705203E-04	6.795134E-03
1.507756E-01	1.478301E-01	9.120421E-04	6.860927E-03
1.567763E-01	1.473563E-01	8.958332E-04	6.923429E-03
1.630157E-01	1.491065E-01	8.657983E-04	6.997768E-03
1.695035E-01	1.466702E-01	8.150737E-04	7.075460E-03
1.762495E-01	1.475577E-01	7.915799E-04	7.151660E-03
1.832639E-01	1.458341E-01	7.496560E-04	7.249900E-03
1.905575E-01	1.454681E-01	7.304481E-04	7.347021E-03
1.981414E-01	1.468761E-01	7.016296E-04	7.444153E-03
2.060271E-01	1.453929E-01	6.740012E-04	7.554310E-03
2.142267E-01	1.448807E-01	6.423593E-04	7.671305E-03
2.227526E-01	1.456561E-01	6.231348E-04	7.791291E-03
2.316178E-01	1.453272E-01	6.009985E-04	7.919980E-03
2.408358E-01	1.457964E-01	5.759145E-04	8.064338E-03
2.504207E-01	1.460259E-01	5.532243E-04	8.207620E-03
2.603870E-01	1.451624E-01	5.318269E-04	8.364358E-03
2.707500E-01	1.443397E-01	5.123778E-04	8.530443E-03
2.815254E-01	1.454174E-01	4.907236E-04	8.702110E-03
2.927297E-01	1.450143E-01	4.722777E-04	8.892961E-03
3.043799E-01	1.457952E-01	4.557537E-04	9.089179E-03
3.164937E-01	1.456004E-01	4.363811E-04	9.291447E-03
3.290897E-01	1.448902E-01	4.193100E-04	9.518020E-03
3.421869E-01	1.449278E-01	4.023605E-04	9.744600E-03
3.558054E-01	1.445311E-01	3.879776E-04	9.995613E-03
3.699659E-01	1.434780E-01	3.772805E-04	1.026326E-02
3.846899E-01	1.434434E-01	3.696410E-04	1.055207E-02
4.000000E-01	1.444357E-01	5.197904E-04	1.080114E-02
