# I(Q)
#Q (1/A)        I (1/cm)        dI (1/cm)       dQ (1/A)
6.000000E-03	1.113353E+00	6.094985E-02	1.198176E-03
6.293041E-03	1.043261E+00	3.895867E-02	1.183062E-03
6.600394E-03	1.094740E+00	3.610701E-02	1.193396E-03
6.922758E-03	1.012216E+00	3.177147E-02	1.200543E-03
7.260867E-03	1.032735E+00	2.955983E-02	1.214003E-03
7.615488E-03	9.575094E-01	2.639595E-02	1.206257E-03
7.987430E-03	1.003572E+00	2.491749E-02	1.217090E-03
8.377537E-03	9.178185E-01	2.307612E-02	1.220206E-03
8.786697E-03	9.622384E-01	2.240121E-02	1.220134E-03
9.215841E-03	9.869590E-01	2.121939E-02	1.215837E-03
9.665944E-03	9.356049E-01	2.008262E-02	1.214214E-03
1.013803E-02	9.080304E-01	1.885013E-02	1.222668E-03
1.063317E-02	8.860111E-01	1.699400E-02	1.225347E-03
1.115250E-02	9.356077E-01	1.674782E-02	1.219378E-03
1.169719E-02	9.087437E-01	1.582798E-02	1.224982E-03
1.226848E-02	8.691895E-01	1.471151E-02	1.232370E-03
1.286767E-02	9.009870E-01	1.418376E-02	1.227554E-03
1.349613E-02	8.988960E-01	1.367227E-02	1.226704E-03
1.415529E-02	8.413239E-01	1.233066E-02	1.229873E-03
1.484663E-02	8.290068E-01	1.177887E-02	1.231800E-03
1.557174E-02	8.479087E-01	1.148548E-02	1.231886E-03
1.633227E-02	8.308368E-01	1.071936E-02	1.235902E-03
1.712994E-02	8.529265E-01	1.038126E-02	1.238203E-03
1.796657E-02	8.138832E-01	9.578066E-03	1.237979E-03
1.884406E-02	8.098982E-01	9.162109E-03	1.242319E-03
1.976441E-02	7.748105E-01	8.637011E-03	1.245517E-03
2.072970E-02	7.640944E-01	8.181542E-03	1.247573E-03
2.174214E-02	7.503499E-01	7.721324E-03	1.249381E-03
2.280403E-02	7.633295E-01	7.425209E-03	1.254581E-03
2.391779E-02	7.384787E-01	6.940848E-03	1.256780E-03
2.508593E-02	7.285750E-01	6.578962E-03	1.261247E-03
2.631113E-02	7.001029E-01	6.172577E-03	1.265872E-03
2.759617E-02	6.794146E-01	5.831781E-03	1.271568E-03
2.894398E-02	6.743792E-01	5.517230E-03	1.274750E-03
3.035760E-02	6.431947E-01	5.147637E-03	1.280878E-03
3.184027E-02	6.291920E-01	4.883414E-03	1.288069E-03
3.339536E-02	5.895351E-01	4.505327E-03	1.294707E-03
3.502639E-02	5.645077E-01	4.226730E-03	1.302721E-03
3.673708E-02	5.466475E-01	3.994956E-03	1.312343E-03
3.853133E-02	5.111671E-01	3.698474E-03	1.320226E-03
4.041320E-02	4.815538E-01	3.446123E-03	1.330280E-03
4.238699E-02	4.519594E-01	3.208867E-03	1.342220E-03
4.445718E-02	4.323963E-01	3.010588E-03	1.354063E-03
4.662847E-02	4.026126E-01	2.787990E-03	1.367330E-03
4.890581E-02	3.703669E-01	2.571927E-03	1.381968E-03
5.129438E-02	3.460805E-01	2.390765E-03	1.397214E-03
5.379961E-02	3.148221E-01	2.198969E-03	1.414288E-03
5.642719E-02	2.927784E-01	2.064985E-03	1.432322E-03
5.683323E-02	2.919144E-01	2.877227E-03	6.073830E-03
5.909511E-02	2.706821E-01	2.949240E-03	6.092975E-03
5.918310E-02	2.738753E-01	1.916637E-03	1.452277E-03
6.144700E-02	2.748379E-01	2.739071E-03	6.101401E-03
6.389249E-02	2.424086E-01	2.453482E-03	6.129404E-03
6.643531E-02	2.361221E-01	2.508088E-03	6.114195E-03
6.907933E-02	2.247537E-01	2.225905E-03	6.173285E-03
7.182858E-02	2.087089E-01	2.208070E-03	6.155164E-03
7.468724E-02	1.999739E-01	1.957212E-03	6.181343E-03
7.765968E-02	1.933289E-01	1.946987E-03	6.200913E-03
8.075041E-02	1.844033E-01	1.844854E-03	6.225723E-03
8.396415E-02	1.773638E-01	1.732501E-03	6.250060E-03
8.730579E-02	1.710679E-01	1.678202E-03	6.261808E-03
9.078042E-02	1.658849E-01	1.567539E-03	6.296733E-03
9.439334E-02	1.629051E-01	1.495137E-03	6.325497E-03
9.815004E-02	1.588892E-01	1.446509E-03	6.351679E-03
1.020563E-01	1.556068E-01	1.407455E-03	6.391442E-03
1.061179E-01	1.560302E-01	1.313616E-03	6.414739E-03
1.103413E-01	1.520555E-01	1.265941E-03	6.446222E-03
1.147327E-01	1.563086E-01	1.235442E-03	6.506775E-03
1.192989E-01	1.535513E-01	1.178986E-03	6.529540E-03
1.240468E-01	1.492369E-01	1.124969E-03	6.566219E-03
1.289836E-01	1.525180E-01	1.077870E-03	6.628692E-03
1.341170E-01	1.520718E-01	1.060003E-03	6.686260E-03
1.394546E-01	1.507898E-01	1.003139E-03	6.734472E-03
1.450047E-01	1.497204E-01	9.679092E-04	6.794322E-03
1.507756E-01	1.485594E-01	9.120592E-04	6.860435E-03
1.567763E-01	1.477958E-01	8.949845E-04	6.923917E-03
1.630157E-01	1.494030E-01	8.652759E-04	6.995799E-03
1.695035E-01	1.483851E-01	8.163075E-04	7.072514E-03
1.762495E-01	1.482949E-01	7.915776E-04	7.155092E-03
1.832639E-01	1.501713E-01	7.546266E-04	7.249065E-03
1.905575E-01	1.476436E-01	7.325482E-04	7.344136E-03
1.981414E-01	1.458866E-01	6.990568E-04	7.442368E-03
2.060271E-01	1.465421E-01	6.744759E-04	7.551570E-03
2.142267E-01	1.454007E-01	6.421503E-04	7.670807E-03
2.227526E-01	1.466725E-01	6.233036E-04	7.790003E-03
2.316178E-01	1.454671E-01	6.003426E-04	7.921461E-03
2.408358E-01	1.458936E-01	5.751064E-04	8.062451E-03
2.504207E-01	1.464932E-01	5.528146E-04	8.206082E-03
2.603870E-01	1.460388E-01	5.319946E-04	8.364464E-03
2.707500E-01	1.464251E-01	5.136197E-04	8.529027E-03
2.815254E-01	1.456148E-01	4.901764E-04	8.697833E-03
2.927297E-01	1.453023E-01	4.717160E-04	8.892500E-03
3.043799E-01	1.458288E-01	4.550906E-04	9.088032E-03
3.164937E-01	1.462637E-01	4.362955E-04	9.290670E-03
3.290897E-01	1.457240E-01	4.191380E-04	9.516126E-03
3.421869E-01	1.450177E-01	4.017730E-04	9.743012E-03
3.558054E-01	1.451059E-01	3.878486E-04	9.993835E-03
3.699659E-01	1.447657E-01	3.777573E-04	1.026255E-02
3.846899E-01	1.439819E-01	3.694686E-04	1.055044E-02
4.000000E-01	1.466064E-01	5.213185E-04	1.080084E-02
