# I(Q)
#Q (1/A)        I (1/cm)        dI (1/cm)       dQ (1/A)
6.000000E-03	1.075835E+00	5.996240E-02	1.178327E-03
6.293041E-03	8.386741E-01	3.369500E-02	1.203750E-03
6.600394E-03	8.609547E-01	3.097897E-02	1.201963E-03
6.922758E-03	8.568363E-01	2.706224E-02	1.209153E-03
7.260867E-03	7.841977E-01	2.447966E-02	1.216043E-03
7.615488E-03	8.241473E-01	2.283279E-02	1.226437E-03
7.987430E-03	7.768694E-01	2.078427E-02	1.225959E-03
8.377537E-03	7.447642E-01	1.957631E-02	1.225133E-03
8.786697E-03	7.287381E-01	1.823295E-02	1.224319E-03
9.215841E-03	7.169670E-01	1.698526E-02	1.228813E-03
9.665944E-03	6.982702E-01	1.592376E-02	1.224028E-03
1.013803E-02	7.253644E-01	1.518762E-02	1.231037E-03
1.063317E-02	7.147814E-01	1.442446E-02	1.228873E-03
1.115250E-02	7.096702E-01	1.353406E-02	1.233470E-03
1.169719E-02	6.957054E-01	1.276869E-02	1.229789E-03
1.226848E-02	6.952612E-01	1.188424E-02	1.236140E-03
1.286767E-02	6.721543E-01	1.142422E-02	1.234964E-03
1.349613E-02	6.786988E-01	1.078892E-02	1.235083E-03
1.415529E-02	6.741057E-01	1.020172E-02	1.236870E-03
1.484663E-02	6.606472E-01	9.578779E-03	1.240723E-03
1.557174E-02	6.603050E-01	9.146924E-03	1.242486E-03
1.633227E-02	6.522553E-01	8.644897E-03	1.243283E-03
1.712994E-02	6.595569E-01	8.209333E-03	1.245519E-03
1.796657E-02	6.554679E-01	7.789196E-03	1.244625E-03
1.884406E-02	6.482748E-01	7.399530E-03	1.249124E-03
1.976441E-02	6.297612E-01	6.986310E-03	1.252720E-03
2.072970E-02	6.445992E-01	6.682833E-03	1.255123E-03
2.174214E-02	6.362752E-01	6.331230E-03	1.256108E-03
2.280403E-02	6.135612E-01	5.978559E-03	1.261268E-03
2.391779E-02	6.059912E-01	5.672117E-03	1.263804E-03
2.508593E-02	6.090954E-01	5.375447E-03	1.268578E-03
2.631113E-02	6.044561E-01	5.078930E-03	1.271759E-03
2.759617E-02	6.032240E-01	4.804305E-03	1.277745E-03
2.894398E-02	5.852041E-01	4.567793E-03	1.281215E-03
3.035760E-02	5.793556E-01	4.294712E-03	1.287208E-03
3.184027E-02	5.585886E-01	4.073124E-03	1.293290E-03
3.339536E-02	5.555572E-01	3.824385E-03	1.300302E-03
3.502639E-02	5.429504E-01	3.620037E-03	1.308830E-03
3.673708E-02	5.279654E-01	3.413880E-03	1.316836E-03
3.853133E-02	5.187262E-01	3.222791E-03	1.324471E-03
4.041320E-02	4.995175E-01	3.032494E-03	1.335495E-03
4.238699E-02	4.880496E-01	2.851541E-03	1.345611E-03
4.445718E-02	4.776785E-01	2.704355E-03	1.356643E-03
4.662847E-02	4.573351E-01	2.527951E-03	1.369309E-03
4.890581E-02	4.379113E-01	2.373361E-03	1.383313E-03
5.129438E-02	4.230746E-01	2.228789E-03	1.398787E-03
5.379961E-02	4.063398E-01	2.092612E-03	1.413980E-03
5.642719E-02	3.849616E-01	1.962008E-03	1.432084E-03
5.683323E-02	3.818076E-01	4.407750E-03	6.248373E-03
5.909511E-02	3.711544E-01	4.034497E-03	6.283083E-03
5.918310E-02	3.713318E-01	1.842144E-03	1.451618E-03
6.144700E-02	3.694478E-01	4.024260E-03	6.220237E-03
6.389249E-02	3.468475E-01	3.714375E-03	6.332060E-03
6.643531E-02	3.377471E-01	3.607092E-03	6.284618E-03
6.907933E-02	3.274538E-01	3.366615E-03	6.308953E-03
7.182858E-02	3.201852E-01	3.281896E-03	6.344921E-03
7.468724E-02	3.030066E-01	2.996996E-03	6.339441E-03
7.765968E-02	2.973922E-01	2.995953E-03	6.361947E-03
8.075041E-02	2.924995E-01	2.819202E-03	6.409207E-03
8.396415E-02	2.787689E-01	2.624193E-03	6.418187E-03
8.730579E-02	2.722877E-01	2.545986E-03	6.422530E-03
9.078042E-02	2.668542E-01	2.451853E-03	6.478142E-03
9.439334E-02	2.606482E-01	2.331467E-03	6.495777E-03
9.815004E-02	2.541467E-01	2.234008E-03	6.503260E-03
1.020563E-01	2.459663E-01	2.100438E-03	6.553546E-03
1.061179E-01	2.438463E-01	2.028490E-03	6.604159E-03
1.103413E-01	2.415270E-01	1.991470E-03	6.621066E-03
1.147327E-01	2.386711E-01	1.849991E-03	6.655739E-03
1.192989E-01	2.309289E-01	1.778906E-03	6.731805E-03
1.240468E-01	2.334465E-01	1.717354E-03	6.758562E-03
1.289836E-01	2.285644E-01	1.638804E-03	6.802030E-03
1.341170E-01	2.245674E-01	1.587327E-03	6.861237E-03
1.394546E-01	2.258514E-01	1.499608E-03	6.912694E-03
1.450047E-01	2.225572E-01	1.452261E-03	6.985080E-03
1.507756E-01	2.221776E-01	1.379157E-03	7.039991E-03
1.567763E-01	2.225673E-01	1.333809E-03	7.122044E-03
1.630157E-01	2.209419E-01	1.281176E-03	7.178070E-03
1.695035E-01	2.187740E-01	1.220349E-03	7.274805E-03
1.762495E-01	2.182076E-01	1.181703E-03	7.341794E-03
1.832639E-01	2.171093E-01	1.122237E-03	7.447554E-03
1.905575E-01	2.160874E-01	1.084296E-03	7.549786E-03
1.981414E-01	2.180615E-01	1.048365E-03	7.647363E-03
2.060271E-01	2.160233E-01	9.965202E-04	7.763695E-03
2.142267E-01	2.138622E-01	9.614886E-04	7.881150E-03
2.227526E-01	2.154118E-01	9.200851E-04	8.009614E-03
2.316178E-01	2.130665E-01	8.900241E-04	8.144394E-03
2.408358E-01	2.150789E-01	8.519209E-04	8.285649E-03
2.504207E-01	2.153836E-01	8.240598E-04	8.436943E-03
2.603870E-01	2.149339E-01	7.877372E-04	8.599956E-03
2.707500E-01	2.143019E-01	7.567185E-04	8.769241E-03
2.815254E-01	2.125487E-01	7.258746E-04	8.945633E-03
2.927297E-01	2.138620E-01	6.983356E-04	9.145490E-03
3.043799E-01	2.136807E-01	6.711533E-04	9.350252E-03
3.164937E-01	2.137958E-01	6.457919E-04	9.563596E-03
3.290897E-01	2.141422E-01	6.223717E-04	9.781550E-03
3.421869E-01	2.137754E-01	5.959394E-04	1.002938E-02
3.558054E-01	2.130022E-01	5.758007E-04	1.028462E-02
3.699659E-01	2.132284E-01	5.593494E-04	1.057011E-02
3.846899E-01	2.127528E-01	5.481763E-04	1.088207E-02
4.000000E-01	2.123678E-01	7.642081E-04	1.113563E-02
