# I(Q)
#Q (1/A)        I (1/cm)        dI (1/cm)       dQ (1/A)
6.000000E-03	1.110323E+00	6.244828E-02	1.182874E-03
6.293041E-03	9.326274E-01	3.551053E-02	1.208581E-03
6.600394E-03	9.542462E-01	3.283057E-02	1.206423E-03
6.922758E-03	9.286438E-01	2.843702E-02	1.212852E-03
7.260867E-03	8.817701E-01	2.587420E-02	1.220893E-03
7.615488E-03	9.103639E-01	2.414813E-02	1.227571E-03
7.987430E-03	8.842975E-01	2.219713E-02	1.228108E-03
8.377537E-03	8.226695E-01	2.074767E-02	1.229694E-03
8.786697E-03	8.370497E-01	1.950438E-02	1.229746E-03
9.215841E-03	8.298883E-01	1.832739E-02	1.230962E-03
9.665944E-03	8.157021E-01	1.715731E-02	1.228086E-03
1.013803E-02	8.016566E-01	1.613912E-02	1.235216E-03
1.063317E-02	7.618451E-01	1.516388E-02	1.232756E-03
1.115250E-02	7.666128E-01	1.425455E-02	1.236490E-03
1.169719E-02	7.787370E-01	1.361877E-02	1.233327E-03
1.226848E-02	7.838559E-01	1.273990E-02	1.239094E-03
1.286767E-02	7.465664E-01	1.214743E-02	1.239606E-03
1.349613E-02	7.428398E-01	1.144973E-02	1.238508E-03
1.415529E-02	7.541209E-01	1.089067E-02	1.240316E-03
1.484663E-02	7.363213E-01	1.021968E-02	1.244338E-03
1.557174E-02	7.347403E-01	9.734970E-03	1.245778E-03
1.633227E-02	7.307100E-01	9.249788E-03	1.246429E-03
1.712994E-02	7.233511E-01	8.719396E-03	1.248714E-03
1.796657E-02	7.239994E-01	8.283612E-03	1.248287E-03
1.884406E-02	7.064856E-01	7.830663E-03	1.252929E-03
1.976441E-02	7.224674E-01	7.506283E-03	1.255106E-03
2.072970E-02	7.114354E-01	7.112782E-03	1.258348E-03
2.174214E-02	7.111205E-01	6.765849E-03	1.260770E-03
2.280403E-02	6.957767E-01	6.424473E-03	1.263774E-03
2.391779E-02	6.767110E-01	6.059977E-03	1.266506E-03
2.508593E-02	6.945282E-01	5.791865E-03	1.271214E-03
2.631113E-02	6.751620E-01	5.428418E-03	1.276128E-03
2.759617E-02	6.856346E-01	5.174864E-03	1.280603E-03
2.894398E-02	6.750493E-01	4.932557E-03	1.285140E-03
3.035760E-02	6.609221E-01	4.614721E-03	1.290958E-03
3.184027E-02	6.546073E-01	4.421105E-03	1.297025E-03
3.339536E-02	6.511441E-01	4.155129E-03	1.304119E-03
3.502639E-02	6.490589E-01	3.959692E-03	1.311702E-03
3.673708E-02	6.332533E-01	3.737585E-03	1.320290E-03
3.853133E-02	6.262125E-01	3.532653E-03	1.327921E-03
4.041320E-02	6.085723E-01	3.335571E-03	1.337702E-03
4.238699E-02	5.979673E-01	3.143465E-03	1.348593E-03
4.445718E-02	5.883763E-01	2.981730E-03	1.359800E-03
4.662847E-02	5.766555E-01	2.810310E-03	1.371797E-03
4.890581E-02	5.650459E-01	2.656802E-03	1.386248E-03
5.129438E-02	5.520871E-01	2.504888E-03	1.400832E-03
5.379961E-02	5.415874E-01	2.363879E-03	1.417038E-03
5.642719E-02	5.249505E-01	2.231687E-03	1.434355E-03
5.683323E-02	5.189065E-01	5.376750E-03	6.252378E-03
5.909511E-02	5.198585E-01	4.967911E-03	6.284559E-03
5.918310E-02	5.164756E-01	2.107810E-03	1.453353E-03
6.144700E-02	5.092669E-01	4.932813E-03	6.218469E-03
6.389249E-02	4.956571E-01	4.591390E-03	6.340815E-03
6.643531E-02	4.917134E-01	4.486797E-03	6.287832E-03
6.907933E-02	4.787233E-01	4.188313E-03	6.316531E-03
7.182858E-02	4.671641E-01	4.078680E-03	6.337549E-03
7.468724E-02	4.642613E-01	3.774517E-03	6.348209E-03
7.765968E-02	4.564001E-01	3.772493E-03	6.373727E-03
8.075041E-02	4.464278E-01	3.544887E-03	6.421282E-03
8.396415E-02	4.411269E-01	3.329682E-03	6.423505E-03
8.730579E-02	4.362484E-01	3.240744E-03	6.424796E-03
9.078042E-02	4.281964E-01	3.119017E-03	6.481900E-03
9.439334E-02	4.245143E-01	2.975076E-03	6.499936E-03
9.815004E-02	4.193678E-01	2.860775E-03	6.508083E-03
1.020563E-01	4.128119E-01	2.699578E-03	6.558563E-03
1.061179E-01	4.126853E-01	2.615131E-03	6.610260E-03
1.103413E-01	4.085902E-01	2.564740E-03	6.625759E-03
1.147327E-01	4.035608E-01	2.379034E-03	6.661708E-03
1.192989E-01	3.951521E-01	2.292843E-03	6.732955E-03
1.240468E-01	3.981001E-01	2.214083E-03	6.762694E-03
1.289836E-01	3.950724E-01	2.119778E-03	6.804263E-03
1.341170E-01	3.923406E-01	2.056475E-03	6.866319E-03
1.394546E-01	3.943263E-01	1.945965E-03	6.917754E-03
1.450047E-01	3.936477E-01	1.889834E-03	6.983972E-03
1.507756E-01	3.897394E-01	1.790340E-03	7.050921E-03
1.567763E-01	3.877888E-01	1.729257E-03	7.126098E-03
1.630157E-01	3.850978E-01	1.660569E-03	7.181935E-03
1.695035E-01	3.835752E-01	1.583388E-03	7.278340E-03
1.762495E-01	3.850301E-01	1.536595E-03	7.344246E-03
1.832639E-01	3.833147E-01	1.459539E-03	7.455949E-03
1.905575E-01	3.822745E-01	1.409932E-03	7.554990E-03
1.981414E-01	3.815767E-01	1.360465E-03	7.650045E-03
2.060271E-01	3.818533E-01	1.296287E-03	7.770487E-03
2.142267E-01	3.805826E-01	1.252691E-03	7.888054E-03
2.227526E-01	3.823307E-01	1.198599E-03	8.014208E-03
2.316178E-01	3.789645E-01	1.159475E-03	8.150253E-03
2.408358E-01	3.796872E-01	1.108028E-03	8.291065E-03
2.504207E-01	3.815903E-01	1.073095E-03	8.444117E-03
2.603870E-01	3.811635E-01	1.026243E-03	8.602358E-03
2.707500E-01	3.794402E-01	9.851494E-04	8.776767E-03
2.815254E-01	3.796477E-01	9.472112E-04	8.951565E-03
2.927297E-01	3.800550E-01	9.103361E-04	9.149797E-03
3.043799E-01	3.777504E-01	8.734933E-04	9.354317E-03
3.164937E-01	3.812082E-01	8.431233E-04	9.568523E-03
3.290897E-01	3.793748E-01	8.108686E-04	9.786399E-03
3.421869E-01	3.804940E-01	7.776631E-04	1.003331E-02
3.558054E-01	3.785385E-01	7.509828E-04	1.028922E-02
3.699659E-01	3.772365E-01	7.285911E-04	1.057570E-02
3.846899E-01	3.780393E-01	7.148517E-04	1.088721E-02
4.000000E-01	3.764140E-01	9.953894E-04	1.114341E-02
