# I(Q)
#Q (1/A)        I (1/cm)        dI (1/cm)       dQ (1/A)
6.000000E-03	3.394775E+00	1.200826E-01	1.171950E-03
6.293041E-03	3.250844E+00	7.400272E-02	1.193331E-03
6.600394E-03	3.193105E+00	6.742102E-02	1.204448E-03
6.922758E-03	3.134646E+00	5.887903E-02	1.199184E-03
7.260867E-03	2.914028E+00	5.365856E-02	1.213784E-03
7.615488E-03	2.931181E+00	5.091882E-02	1.210950E-03
7.987430E-03	2.687478E+00	4.651192E-02	1.212170E-03
8.377537E-03	2.680010E+00	4.413148E-02	1.215587E-03
8.786697E-03	2.749352E+00	4.214733E-02	1.219352E-03
9.215841E-03	2.784429E+00	4.099490E-02	1.217106E-03
9.665944E-03	2.675004E+00	3.771607E-02	1.215354E-03
1.013803E-02	2.691169E+00	3.638599E-02	1.220363E-03
1.063317E-02	2.614557E+00	3.383586E-02	1.216028E-03
1.115250E-02	2.640437E+00	3.275847E-02	1.219816E-03
1.169719E-02	2.613433E+00	3.063408E-02	1.220865E-03
1.226848E-02	2.578090E+00	2.904819E-02	1.223294E-03
1.286767E-02	2.599344E+00	2.810103E-02	1.221096E-03
1.349613E-02	2.623357E+00	2.682661E-02	1.223396E-03
1.415529E-02	2.535855E+00	2.498308E-02	1.223012E-03
1.484663E-02	2.598890E+00	2.396950E-02	1.227317E-03
1.557174E-02	2.652915E+00	2.332592E-02	1.227146E-03
1.633227E-02	2.650691E+00	2.209699E-02	1.231000E-03
1.712994E-02	2.703688E+00	2.130902E-02	1.232199E-03
1.796657E-02	2.701332E+00	2.025246E-02	1.229814E-03
1.884406E-02	2.673606E+00	1.918922E-02	1.234921E-03
1.976441E-02	2.740657E+00	1.857447E-02	1.238940E-03
2.072970E-02	2.784066E+00	1.784809E-02	1.240407E-03
2.174214E-02	2.765101E+00	1.693184E-02	1.241414E-03
2.280403E-02	2.881454E+00	1.662848E-02	1.242873E-03
2.391779E-02	2.883868E+00	1.570436E-02	1.249211E-03
2.508593E-02	2.957781E+00	1.517255E-02	1.250147E-03
2.631113E-02	3.030493E+00	1.457566E-02	1.256620E-03
2.759617E-02	3.135944E+00	1.414203E-02	1.260392E-03
2.894398E-02	3.201277E+00	1.359743E-02	1.264479E-03
3.035760E-02	3.326538E+00	1.318583E-02	1.268670E-03
3.184027E-02	3.450157E+00	1.283044E-02	1.275736E-03
3.339536E-02	3.591779E+00	1.237942E-02	1.282451E-03
3.502639E-02	3.779665E+00	1.214422E-02	1.289004E-03
3.673708E-02	3.999166E+00	1.192483E-02	1.296898E-03
3.853133E-02	4.228426E+00	1.164414E-02	1.303925E-03
4.041320E-02	4.501555E+00	1.145116E-02	1.313789E-03
4.238699E-02	4.867174E+00	1.133203E-02	1.322485E-03
4.445718E-02	5.330131E+00	1.130799E-02	1.333190E-03
4.662847E-02	5.817031E+00	1.121623E-02	1.344526E-03
4.890581E-02	6.408979E+00	1.120930E-02	1.358153E-03
5.129438E-02	7.126528E+00	1.126374E-02	1.371888E-03
5.379961E-02	7.858674E+00	1.124539E-02	1.386017E-03
5.642719E-02	8.516344E+00	1.119130E-02	1.403255E-03
5.918310E-02	8.934065E+00	1.093533E-02	1.421489E-03
6.144700E-02	8.940951E+00	1.652060E-02	6.078966E-03
6.207361E-02	8.985523E+00	1.060086E-02	1.447857E-03
6.389249E-02	9.114902E+00	1.585849E-02	6.154739E-03
6.643531E-02	8.733358E+00	1.513568E-02	6.126080E-03
6.907933E-02	8.185377E+00	1.366831E-02	6.153195E-03
7.182858E-02	7.536200E+00	1.303716E-02	6.163802E-03
7.468724E-02	6.742911E+00	1.139998E-02	6.174142E-03
7.765968E-02	5.690727E+00	1.049038E-02	6.194617E-03
8.075041E-02	4.903335E+00	9.274030E-03	6.227120E-03
8.396415E-02	4.056858E+00	7.924920E-03	6.235001E-03
8.730579E-02	3.324048E+00	7.025164E-03	6.246452E-03
9.078042E-02	2.818417E+00	6.301276E-03	6.288046E-03
9.439334E-02	2.370300E+00	5.556827E-03	6.310989E-03
9.815004E-02	1.994911E+00	4.911603E-03	6.331954E-03
1.020563E-01	1.738333E+00	4.391750E-03	6.369620E-03
1.061179E-01	1.529014E+00	4.029761E-03	6.415027E-03
1.103413E-01	1.360458E+00	3.746050E-03	6.445549E-03
1.147327E-01	1.208537E+00	3.308350E-03	6.470565E-03
1.192989E-01	1.101691E+00	3.081451E-03	6.540809E-03
1.240468E-01	1.004492E+00	2.861287E-03	6.572327E-03
1.289836E-01	9.097570E-01	2.620556E-03	6.620084E-03
1.341170E-01	8.363268E-01	2.463473E-03	6.670037E-03
1.394546E-01	7.609417E-01	2.232696E-03	6.728235E-03
1.450047E-01	7.056504E-01	2.110878E-03	6.792014E-03
1.507756E-01	6.517851E-01	1.942220E-03	6.853352E-03
1.567763E-01	6.037649E-01	1.823021E-03	6.923878E-03
1.630157E-01	5.615371E-01	1.703254E-03	6.986871E-03
1.695035E-01	5.201835E-01	1.573401E-03	7.077772E-03
1.762495E-01	4.853981E-01	1.485647E-03	7.147152E-03
1.832639E-01	4.596343E-01	1.387347E-03	7.245693E-03
1.905575E-01	4.320324E-01	1.310704E-03	7.345176E-03
1.981414E-01	4.096968E-01	1.239449E-03	7.442056E-03
2.060271E-01	3.903814E-01	1.162301E-03	7.552782E-03
2.142267E-01	3.726823E-01	1.105302E-03	7.667485E-03
2.227526E-01	3.571117E-01	1.040604E-03	7.790604E-03
2.316178E-01	3.427063E-01	9.940832E-04	7.919753E-03
2.408358E-01	3.320737E-01	9.388078E-04	8.060608E-03
2.504207E-01	3.208659E-01	8.968986E-04	8.206139E-03
2.603870E-01	3.137095E-01	8.527757E-04	8.360563E-03
2.707500E-01	3.046046E-01	8.103244E-04	8.530366E-03
2.815254E-01	2.983379E-01	7.729415E-04	8.701756E-03
2.927297E-01	2.929052E-01	7.393459E-04	8.890861E-03
3.043799E-01	2.884156E-01	7.071945E-04	9.089633E-03
3.164937E-01	2.828569E-01	6.769328E-04	9.296574E-03
3.290897E-01	2.778688E-01	6.464146E-04	9.512119E-03
3.421869E-01	2.764945E-01	6.198429E-04	9.748623E-03
3.558054E-01	2.717696E-01	5.955417E-04	9.993353E-03
3.699659E-01	2.667367E-01	5.743153E-04	1.026550E-02
3.846899E-01	2.650113E-01	5.634971E-04	1.055659E-02
4.000000E-01	2.622404E-01	7.843378E-04	1.079727E-02
