# I(Q)
#Q (1/A)        I (1/cm)        dI (1/cm)       dQ (1/A)
6.000000E-03	8.539111E+00	2.305076E-01	1.181948E-03
6.293041E-03	8.757908E+00	1.426441E-01	1.202771E-03
6.600394E-03	8.437092E+00	1.308014E-01	1.203234E-03
6.922758E-03	8.025563E+00	1.135017E-01	1.206758E-03
7.260867E-03	7.660688E+00	1.042027E-01	1.211691E-03
7.615488E-03	7.360057E+00	9.753677E-02	1.216078E-03
7.987430E-03	7.129797E+00	9.119765E-02	1.215701E-03
8.377537E-03	7.081807E+00	8.656389E-02	1.217897E-03
8.786697E-03	6.946945E+00	8.111560E-02	1.217356E-03
9.215841E-03	6.689642E+00	7.651374E-02	1.217994E-03
9.665944E-03	6.710905E+00	7.276864E-02	1.214613E-03
1.013803E-02	6.603526E+00	6.900174E-02	1.220326E-03
1.063317E-02	6.541659E+00	6.515187E-02	1.217785E-03
1.115250E-02	6.406923E+00	6.177827E-02	1.219949E-03
1.169719E-02	6.488378E+00	5.894754E-02	1.218864E-03
1.226848E-02	6.248422E+00	5.486785E-02	1.225521E-03
1.286767E-02	6.371435E+00	5.333253E-02	1.223532E-03
1.349613E-02	6.405387E+00	5.108078E-02	1.222734E-03
1.415529E-02	6.457760E+00	4.857915E-02	1.225381E-03
1.484663E-02	6.399467E+00	4.590024E-02	1.227683E-03
1.557174E-02	6.590510E+00	4.459757E-02	1.230499E-03
1.633227E-02	6.566764E+00	4.256257E-02	1.228937E-03
1.712994E-02	6.647781E+00	4.057501E-02	1.232314E-03
1.796657E-02	6.663312E+00	3.877187E-02	1.231443E-03
1.884406E-02	6.866679E+00	3.751247E-02	1.235327E-03
1.976441E-02	6.890496E+00	3.588295E-02	1.238703E-03
2.072970E-02	7.071219E+00	3.471958E-02	1.240911E-03
2.174214E-02	7.258216E+00	3.341324E-02	1.241709E-03
2.280403E-02	7.422330E+00	3.248223E-02	1.244426E-03
2.391779E-02	7.646262E+00	3.123879E-02	1.247141E-03
2.508593E-02	7.980114E+00	3.035544E-02	1.252917E-03
2.631113E-02	8.361470E+00	2.959329E-02	1.255679E-03
2.759617E-02	8.670620E+00	2.866676E-02	1.260962E-03
2.894398E-02	9.161647E+00	2.809684E-02	1.264817E-03
3.035760E-02	9.622468E+00	2.732469E-02	1.269796E-03
3.184027E-02	1.025961E+01	2.700106E-02	1.275889E-03
3.339536E-02	1.096113E+01	2.642755E-02	1.281980E-03
3.502639E-02	1.187039E+01	2.630276E-02	1.289944E-03
3.673708E-02	1.285375E+01	2.611856E-02	1.296977E-03
3.853133E-02	1.399305E+01	2.589681E-02	1.303877E-03
4.041320E-02	1.529352E+01	2.583346E-02	1.313418E-03
4.238699E-02	1.666095E+01	2.564514E-02	1.322735E-03
4.445718E-02	1.804493E+01	2.549224E-02	1.333175E-03
4.662847E-02	1.916661E+01	2.497411E-02	1.344616E-03
4.890581E-02	1.976134E+01	2.416887E-02	1.357962E-03
5.129438E-02	1.963984E+01	2.296602E-02	1.372044E-03
5.379961E-02	1.855015E+01	2.124613E-02	1.386303E-03
5.642719E-02	1.662230E+01	1.925094E-02	1.403316E-03
5.918310E-02	1.427499E+01	1.703120E-02	1.422586E-03
6.144700E-02	1.219588E+01	2.168546E-02	6.208833E-03
6.207361E-02	1.185307E+01	1.498919E-02	1.447845E-03
6.389249E-02	1.085799E+01	1.908657E-02	6.324278E-03
6.643531E-02	9.381404E+00	1.748411E-02	6.273521E-03
6.907933E-02	8.197355E+00	1.531856E-02	6.288990E-03
7.182858E-02	6.827805E+00	1.379175E-02	6.318351E-03
7.468724E-02	5.815351E+00	1.178299E-02	6.325831E-03
7.765968E-02	4.789678E+00	1.076280E-02	6.347583E-03
8.075041E-02	4.108849E+00	9.479711E-03	6.390397E-03
8.396415E-02	3.451152E+00	8.209361E-03	6.401613E-03
8.730579E-02	2.915693E+00	7.407213E-03	6.403892E-03
9.078042E-02	2.529883E+00	6.702913E-03	6.458770E-03
9.439334E-02	2.175978E+00	5.988850E-03	6.483370E-03
9.815004E-02	1.900920E+00	5.443983E-03	6.491204E-03
1.020563E-01	1.667409E+00	4.851547E-03	6.545094E-03
1.061179E-01	1.468905E+00	4.455978E-03	6.597476E-03
1.103413E-01	1.305734E+00	4.163615E-03	6.615963E-03
1.147327E-01	1.165031E+00	3.685179E-03	6.647408E-03
1.192989E-01	1.040705E+00	3.411305E-03	6.719702E-03
1.240468E-01	9.447498E-01	3.160323E-03	6.755262E-03
1.289836E-01	8.665489E-01	2.928645E-03	6.798190E-03
1.341170E-01	7.954693E-01	2.747737E-03	6.859265E-03
1.394546E-01	7.507093E-01	2.542467E-03	6.912370E-03
1.450047E-01	7.100820E-01	2.417487E-03	6.984276E-03
1.507756E-01	6.758723E-01	2.254910E-03	7.041961E-03
1.567763E-01	6.395986E-01	2.135846E-03	7.122780E-03
1.630157E-01	6.164470E-01	2.025735E-03	7.181026E-03
1.695035E-01	5.873896E-01	1.898908E-03	7.278607E-03
1.762495E-01	5.666741E-01	1.816716E-03	7.342865E-03
1.832639E-01	5.530082E-01	1.713068E-03	7.453728E-03
1.905575E-01	5.306783E-01	1.631213E-03	7.555039E-03
1.981414E-01	5.173544E-01	1.560926E-03	7.651281E-03
2.060271E-01	5.056774E-01	1.474698E-03	7.772465E-03
2.142267E-01	4.898179E-01	1.410318E-03	7.886987E-03
2.227526E-01	4.785876E-01	1.336934E-03	8.016038E-03
2.316178E-01	4.691615E-01	1.287288E-03	8.151062E-03
2.408358E-01	4.590022E-01	1.220240E-03	8.292436E-03
2.504207E-01	4.505380E-01	1.172165E-03	8.447707E-03
2.603870E-01	4.439594E-01	1.116020E-03	8.603756E-03
2.707500E-01	4.397792E-01	1.069065E-03	8.778222E-03
2.815254E-01	4.319199E-01	1.021612E-03	8.953369E-03
2.927297E-01	4.261704E-01	9.770231E-04	9.150169E-03
3.043799E-01	4.207382E-01	9.348877E-04	9.357984E-03
3.164937E-01	4.164924E-01	8.970037E-04	9.569847E-03
3.290897E-01	4.114187E-01	8.602999E-04	9.787902E-03
3.421869E-01	4.059774E-01	8.207782E-04	1.003520E-02
3.558054E-01	4.019782E-01	7.911407E-04	1.029072E-02
3.699659E-01	3.989432E-01	7.664186E-04	1.058031E-02
3.846899E-01	3.944779E-01	7.485406E-04	1.088933E-02
4.000000E-01	3.903436E-01	1.039658E-03	1.114472E-02
