# I(Q)
#Q (1/A)        I (1/cm)        dI (1/cm)       dQ (1/A)
6.000000E-03	6.335664E+00	2.049529E-01	1.179492E-03
6.293041E-03	6.140941E+00	1.229811E-01	1.202699E-03
6.600394E-03	6.101301E+00	1.142475E-01	1.203607E-03
6.922758E-03	5.884047E+00	9.977856E-02	1.207500E-03
7.260867E-03	5.863795E+00	9.335689E-02	1.211459E-03
7.615488E-03	5.728005E+00	8.792716E-02	1.219365E-03
7.987430E-03	5.614411E+00	8.254456E-02	1.219329E-03
8.377537E-03	5.566626E+00	7.831721E-02	1.219201E-03
8.786697E-03	5.633801E+00	7.448914E-02	1.218714E-03
9.215841E-03	5.572060E+00	7.105588E-02	1.221028E-03
9.665944E-03	5.536729E+00	6.729790E-02	1.215154E-03
1.013803E-02	5.323100E+00	6.310521E-02	1.223266E-03
1.063317E-02	5.450788E+00	6.054730E-02	1.217924E-03
1.115250E-02	5.521541E+00	5.827167E-02	1.221760E-03
1.169719E-02	5.393169E+00	5.476878E-02	1.217606E-03
1.226848E-02	5.406363E+00	5.186890E-02	1.226374E-03
1.286767E-02	5.515433E+00	5.040465E-02	1.226419E-03
1.349613E-02	5.565946E+00	4.835998E-02	1.222760E-03
1.415529E-02	5.538144E+00	4.567741E-02	1.226781E-03
1.484663E-02	5.580584E+00	4.352511E-02	1.227872E-03
1.557174E-02	5.656443E+00	4.197538E-02	1.230847E-03
1.633227E-02	5.673589E+00	4.016819E-02	1.229377E-03
1.712994E-02	5.747773E+00	3.830304E-02	1.233580E-03
1.796657E-02	5.857904E+00	3.689215E-02	1.232637E-03
1.884406E-02	5.902178E+00	3.531626E-02	1.235690E-03
1.976441E-02	6.086735E+00	3.421517E-02	1.239869E-03
2.072970E-02	6.121836E+00	3.279233E-02	1.241833E-03
2.174214E-02	6.260250E+00	3.149480E-02	1.243089E-03
2.280403E-02	6.472176E+00	3.077920E-02	1.246137E-03
2.391779E-02	6.658578E+00	2.957798E-02	1.249016E-03
2.508593E-02	6.881548E+00	2.859786E-02	1.254145E-03
2.631113E-02	7.165339E+00	2.779140E-02	1.257402E-03
2.759617E-02	7.491456E+00	2.702810E-02	1.261492E-03
2.894398E-02	7.895918E+00	2.645434E-02	1.265608E-03
3.035760E-02	8.334360E+00	2.578659E-02	1.270860E-03
3.184027E-02	8.830616E+00	2.540043E-02	1.276382E-03
3.339536E-02	9.464751E+00	2.489526E-02	1.282754E-03
3.502639E-02	1.017239E+01	2.468162E-02	1.290047E-03
3.673708E-02	1.102574E+01	2.451940E-02	1.297475E-03
3.853133E-02	1.195342E+01	2.425486E-02	1.304597E-03
4.041320E-02	1.307530E+01	2.420307E-02	1.314097E-03
4.238699E-02	1.423986E+01	2.402053E-02	1.323160E-03
4.445718E-02	1.537550E+01	2.383893E-02	1.333241E-03
4.662847E-02	1.635422E+01	2.336840E-02	1.344774E-03
4.890581E-02	1.687968E+01	2.262570E-02	1.358295E-03
5.129438E-02	1.674235E+01	2.147836E-02	1.372355E-03
5.379961E-02	1.582405E+01	1.987809E-02	1.386416E-03
5.642719E-02	1.421827E+01	1.803683E-02	1.403674E-03
5.918310E-02	1.219312E+01	1.594945E-02	1.423144E-03
6.144700E-02	1.044462E+01	2.025940E-02	6.207668E-03
6.207361E-02	1.017577E+01	1.407456E-02	1.448690E-03
6.389249E-02	9.395379E+00	1.793478E-02	6.321913E-03
6.643531E-02	8.126654E+00	1.644553E-02	6.273612E-03
6.907933E-02	7.078205E+00	1.439362E-02	6.288256E-03
7.182858E-02	5.943522E+00	1.301850E-02	6.319168E-03
7.468724E-02	5.066682E+00	1.113500E-02	6.329496E-03
7.765968E-02	4.188386E+00	1.019645E-02	6.347065E-03
8.075041E-02	3.619856E+00	9.018213E-03	6.391923E-03
8.396415E-02	3.067929E+00	7.848763E-03	6.401134E-03
8.730579E-02	2.604041E+00	7.102545E-03	6.402707E-03
9.078042E-02	2.271746E+00	6.447212E-03	6.457795E-03
9.439334E-02	1.977898E+00	5.796209E-03	6.482215E-03
9.815004E-02	1.721921E+00	5.263194E-03	6.490531E-03
1.020563E-01	1.527127E+00	4.716941E-03	6.545567E-03
1.061179E-01	1.367621E+00	4.366028E-03	6.594589E-03
1.103413E-01	1.215982E+00	4.082010E-03	6.614386E-03
1.147327E-01	1.098869E+00	3.634620E-03	6.647460E-03
1.192989E-01	9.957828E-01	3.385681E-03	6.724429E-03
1.240468E-01	9.043734E-01	3.137940E-03	6.755800E-03
1.289836E-01	8.416554E-01	2.925771E-03	6.800009E-03
1.341170E-01	7.839572E-01	2.761872E-03	6.857485E-03
1.394546E-01	7.421882E-01	2.558311E-03	6.914610E-03
1.450047E-01	7.109843E-01	2.445045E-03	6.985575E-03
1.507756E-01	6.763622E-01	2.280476E-03	7.044438E-03
1.567763E-01	6.486305E-01	2.170529E-03	7.123762E-03
1.630157E-01	6.307489E-01	2.066048E-03	7.182859E-03
1.695035E-01	6.052513E-01	1.941528E-03	7.276914E-03
1.762495E-01	5.912665E-01	1.865645E-03	7.344007E-03
1.832639E-01	5.744743E-01	1.756636E-03	7.449353E-03
1.905575E-01	5.584169E-01	1.680467E-03	7.557360E-03
1.981414E-01	5.492061E-01	1.613376E-03	7.649008E-03
2.060271E-01	5.371477E-01	1.524123E-03	7.770031E-03
2.142267E-01	5.234374E-01	1.460476E-03	7.884127E-03
2.227526E-01	5.160590E-01	1.388853E-03	8.015673E-03
2.316178E-01	5.071699E-01	1.338377E-03	8.147754E-03
2.408358E-01	4.996738E-01	1.271663E-03	8.292100E-03
2.504207E-01	4.917073E-01	1.222352E-03	8.446422E-03
2.603870E-01	4.861494E-01	1.165263E-03	8.607795E-03
2.707500E-01	4.799892E-01	1.114793E-03	8.778269E-03
2.815254E-01	4.778545E-01	1.070302E-03	8.953300E-03
2.927297E-01	4.715653E-01	1.023501E-03	9.151342E-03
3.043799E-01	4.670869E-01	9.803861E-04	9.358515E-03
3.164937E-01	4.644049E-01	9.422092E-04	9.570470E-03
3.290897E-01	4.597459E-01	9.040735E-04	9.788568E-03
3.421869E-01	4.558138E-01	8.639333E-04	1.003700E-02
3.558054E-01	4.538458E-01	8.342543E-04	1.029055E-02
3.699659E-01	4.493520E-01	8.076188E-04	1.057591E-02
3.846899E-01	4.467118E-01	7.901093E-04	1.089135E-02
4.000000E-01	4.443288E-01	1.099064E-03	1.114528E-02
