# I(Q)
#Q (1/A)        I (1/cm)        dI (1/cm)       dQ (1/A)
6.000000E-03	7.467400E+00	2.244445E-01	1.182707E-03
6.293041E-03	7.082202E+00	1.335329E-01	1.203143E-03
6.600394E-03	6.894493E+00	1.231116E-01	1.206824E-03
6.922758E-03	6.453534E+00	1.061502E-01	1.211121E-03
7.260867E-03	6.197068E+00	9.774372E-02	1.213594E-03
7.615488E-03	5.970514E+00	9.136517E-02	1.218577E-03
7.987430E-03	5.924966E+00	8.626066E-02	1.219187E-03
8.377537E-03	5.799971E+00	8.141443E-02	1.220506E-03
8.786697E-03	5.414345E+00	7.453390E-02	1.220560E-03
9.215841E-03	5.380867E+00	7.126180E-02	1.222658E-03
9.665944E-03	5.217355E+00	6.674129E-02	1.216876E-03
1.013803E-02	5.370772E+00	6.458918E-02	1.223633E-03
1.063317E-02	5.133413E+00	6.002653E-02	1.221311E-03
1.115250E-02	5.024608E+00	5.681940E-02	1.226159E-03
1.169719E-02	4.955070E+00	5.358208E-02	1.223663E-03
1.226848E-02	4.959805E+00	5.073829E-02	1.230362E-03
1.286767E-02	4.952671E+00	4.886807E-02	1.228162E-03
1.349613E-02	4.849283E+00	4.621414E-02	1.226792E-03
1.415529E-02	4.883253E+00	4.390581E-02	1.228501E-03
1.484663E-02	4.894821E+00	4.170508E-02	1.232489E-03
1.557174E-02	4.865698E+00	3.984314E-02	1.235227E-03
1.633227E-02	4.990490E+00	3.852922E-02	1.232538E-03
1.712994E-02	4.954557E+00	3.640880E-02	1.236168E-03
1.796657E-02	5.003898E+00	3.489761E-02	1.236193E-03
1.884406E-02	5.103852E+00	3.360389E-02	1.239018E-03
1.976441E-02	5.229032E+00	3.244461E-02	1.243529E-03
2.072970E-02	5.239331E+00	3.104261E-02	1.244220E-03
2.174214E-02	5.421662E+00	2.997452E-02	1.245225E-03
2.280403E-02	5.546736E+00	2.914383E-02	1.249449E-03
2.391779E-02	5.759958E+00	2.813375E-02	1.250407E-03
2.508593E-02	5.926370E+00	2.713794E-02	1.256318E-03
2.631113E-02	6.246991E+00	2.652740E-02	1.259280E-03
2.759617E-02	6.462644E+00	2.565814E-02	1.264439E-03
2.894398E-02	6.856884E+00	2.519695E-02	1.268298E-03
3.035760E-02	7.240778E+00	2.455995E-02	1.273281E-03
3.184027E-02	7.802623E+00	2.439357E-02	1.278544E-03
3.339536E-02	8.519127E+00	2.411516E-02	1.285754E-03
3.502639E-02	9.350747E+00	2.415412E-02	1.293160E-03
3.673708E-02	1.042279E+01	2.432276E-02	1.299811E-03
3.853133E-02	1.184646E+01	2.462845E-02	1.306600E-03
4.041320E-02	1.362283E+01	2.518893E-02	1.315929E-03
4.238699E-02	1.590529E+01	2.587400E-02	1.324971E-03
4.445718E-02	1.880034E+01	2.685757E-02	1.335227E-03
4.662847E-02	2.209304E+01	2.766758E-02	1.346260E-03
4.890581E-02	2.543641E+01	2.828627E-02	1.359215E-03
5.129438E-02	2.756796E+01	2.806366E-02	1.373798E-03
5.379961E-02	2.717157E+01	2.651650E-02	1.387838E-03
5.642719E-02	2.402280E+01	2.386019E-02	1.404718E-03
5.918310E-02	1.924969E+01	2.038834E-02	1.424264E-03
6.144700E-02	1.514386E+01	2.382588E-02	6.207980E-03
6.207361E-02	1.464899E+01	1.717633E-02	1.450015E-03
6.389249E-02	1.321251E+01	2.073555E-02	6.319803E-03
6.643531E-02	1.092785E+01	1.856212E-02	6.270968E-03
6.907933E-02	9.032564E+00	1.580272E-02	6.276244E-03
7.182858E-02	7.090109E+00	1.380423E-02	6.305126E-03
7.468724E-02	5.754682E+00	1.150973E-02	6.317552E-03
7.765968E-02	4.532424E+00	1.028434E-02	6.337665E-03
8.075041E-02	3.791675E+00	8.948572E-03	6.380812E-03
8.396415E-02	3.124721E+00	7.680179E-03	6.399805E-03
8.730579E-02	2.608764E+00	6.892407E-03	6.402566E-03
9.078042E-02	2.248057E+00	6.218813E-03	6.457150E-03
9.439334E-02	1.963858E+00	5.597745E-03	6.480548E-03
9.815004E-02	1.740624E+00	5.122863E-03	6.491401E-03
1.020563E-01	1.550204E+00	4.597640E-03	6.546031E-03
1.061179E-01	1.419938E+00	4.296131E-03	6.591978E-03
1.103413E-01	1.288810E+00	4.050368E-03	6.615434E-03
1.147327E-01	1.179727E+00	3.622972E-03	6.645438E-03
1.192989E-01	1.087962E+00	3.397810E-03	6.721810E-03
1.240468E-01	1.006078E+00	3.170241E-03	6.750011E-03
1.289836E-01	9.444236E-01	2.963886E-03	6.799476E-03
1.341170E-01	8.750417E-01	2.788846E-03	6.859318E-03
1.394546E-01	8.295671E-01	2.583529E-03	6.911373E-03
1.450047E-01	7.856188E-01	2.456529E-03	6.982436E-03
1.507756E-01	7.499614E-01	2.292847E-03	7.043895E-03
1.567763E-01	7.105371E-01	2.170796E-03	7.123182E-03
1.630157E-01	6.821423E-01	2.054660E-03	7.180376E-03
1.695035E-01	6.549559E-01	1.930262E-03	7.276975E-03
1.762495E-01	6.269963E-01	1.840045E-03	7.342893E-03
1.832639E-01	5.998605E-01	1.721541E-03	7.450156E-03
1.905575E-01	5.802808E-01	1.643489E-03	7.554862E-03
1.981414E-01	5.618997E-01	1.568293E-03	7.651877E-03
2.060271E-01	5.437552E-01	1.475360E-03	7.769079E-03
2.142267E-01	5.271036E-01	1.410666E-03	7.885185E-03
2.227526E-01	5.148830E-01	1.336882E-03	8.015097E-03
2.316178E-01	5.007406E-01	1.283124E-03	8.149416E-03
2.408358E-01	4.961690E-01	1.221573E-03	8.290071E-03
2.504207E-01	4.875868E-01	1.173723E-03	8.444640E-03
2.603870E-01	4.831351E-01	1.119602E-03	8.602914E-03
2.707500E-01	4.755852E-01	1.070013E-03	8.777278E-03
2.815254E-01	4.714108E-01	1.025545E-03	8.953337E-03
2.927297E-01	4.689703E-01	9.836177E-04	9.150461E-03
3.043799E-01	4.661573E-01	9.432906E-04	9.356455E-03
3.164937E-01	4.615002E-01	9.051398E-04	9.568286E-03
3.290897E-01	4.597707E-01	8.704233E-04	9.785990E-03
3.421869E-01	4.579211E-01	8.331019E-04	1.003524E-02
3.558054E-01	4.548187E-01	8.038414E-04	1.029040E-02
3.699659E-01	4.532340E-01	7.798961E-04	1.057649E-02
3.846899E-01	4.504477E-01	7.628999E-04	1.088832E-02
4.000000E-01	4.486919E-01	1.061655E-03	1.114545E-02
