# I(Q)
#Q (1/A)        I (1/cm)        dI (1/cm)       dQ (1/A)
6.000000E-03	9.786038E-01	4.323976E-02	1.185606E-03
6.293041E-03	8.350439E-01	2.693302E-02	1.194720E-03
6.600394E-03	7.954208E-01	2.388170E-02	1.208076E-03
6.922758E-03	7.957822E-01	2.106642E-02	1.219160E-03
7.260867E-03	7.689573E-01	2.042458E-02	1.211852E-03
7.615488E-03	7.356518E-01	1.783546E-02	1.225352E-03
7.987430E-03	6.665452E-01	1.677510E-02	1.224923E-03
8.377537E-03	6.257572E-01	1.514426E-02	1.222173E-03
8.786697E-03	6.297005E-01	1.439320E-02	1.220358E-03
9.215841E-03	5.798041E-01	1.318784E-02	1.224724E-03
9.665944E-03	5.539284E-01	1.203765E-02	1.231650E-03
1.013803E-02	5.223020E-01	1.150500E-02	1.228535E-03
1.063317E-02	5.209328E-01	1.099009E-02	1.228808E-03
1.115250E-02	5.019509E-01	1.010164E-02	1.231865E-03
1.169719E-02	5.116350E-01	9.735021E-03	1.232719E-03
1.226848E-02	5.167085E-01	9.138744E-03	1.235073E-03
1.286767E-02	5.124001E-01	8.641002E-03	1.234308E-03
1.349613E-02	4.829269E-01	8.056058E-03	1.234551E-03
1.415529E-02	4.842489E-01	7.608785E-03	1.242088E-03
1.484663E-02	4.839114E-01	7.305520E-03	1.240430E-03
1.557174E-02	4.857266E-01	7.006947E-03	1.239416E-03
1.633227E-02	4.741706E-01	6.512285E-03	1.243675E-03
1.712994E-02	4.596170E-01	6.217524E-03	1.243816E-03
1.796657E-02	4.641706E-01	5.820218E-03	1.247367E-03
1.884406E-02	4.676634E-01	5.576843E-03	1.250275E-03
1.976441E-02	4.543449E-01	5.307498E-03	1.251376E-03
2.072970E-02	4.549637E-01	5.050073E-03	1.254618E-03
2.174214E-02	4.516687E-01	4.791279E-03	1.256234E-03
2.280403E-02	4.413656E-01	4.488777E-03	1.260964E-03
2.391779E-02	4.379574E-01	4.255416E-03	1.264269E-03
2.508593E-02	4.327169E-01	4.032422E-03	1.268962E-03
2.631113E-02	4.242659E-01	3.832490E-03	1.273225E-03
2.759617E-02	4.190013E-01	3.610721E-03	1.277014E-03
2.894398E-02	4.133080E-01	3.426164E-03	1.281908E-03
3.035760E-02	4.004857E-01	3.214133E-03	1.289062E-03
3.184027E-02	4.003324E-01	3.054241E-03	1.292625E-03
3.339536E-02	3.902630E-01	2.877975E-03	1.300681E-03
3.502639E-02	3.855615E-01	2.725283E-03	1.308312E-03
3.673708E-02	3.708534E-01	2.566110E-03	1.316259E-03
3.853133E-02	3.621736E-01	2.421034E-03	1.325314E-03
4.041320E-02	3.524900E-01	2.275245E-03	1.334692E-03
4.238699E-02	3.360877E-01	2.125153E-03	1.346184E-03
4.445718E-02	3.284295E-01	2.007988E-03	1.356700E-03
4.662847E-02	3.211955E-01	1.894487E-03	1.369217E-03
4.890581E-02	3.053381E-01	1.769452E-03	1.383749E-03
5.129438E-02	2.941198E-01	1.662347E-03	1.397643E-03
5.379961E-02	2.833979E-01	1.558750E-03	1.414476E-03
5.642719E-02	2.698634E-01	1.459892E-03	1.432424E-03
5.918310E-02	2.578187E-01	1.370981E-03	1.452331E-03
6.144700E-02	2.478274E-01	2.315900E-03	6.216923E-03
6.207361E-02	2.457636E-01	1.294920E-03	1.475132E-03
6.389249E-02	2.397728E-01	2.162772E-03	6.327469E-03
6.643531E-02	2.344781E-01	2.114145E-03	6.282368E-03
6.907933E-02	2.232924E-01	1.914930E-03	6.324893E-03
7.182858E-02	2.217822E-01	1.895922E-03	6.336453E-03
7.468724E-02	2.186827E-01	1.767491E-03	6.344303E-03
7.765968E-02	2.095821E-01	1.730764E-03	6.372933E-03
8.075041E-02	2.042985E-01	1.634530E-03	6.413475E-03
8.396415E-02	1.964603E-01	1.523858E-03	6.429661E-03
8.730579E-02	1.951007E-01	1.484186E-03	6.422330E-03
9.078042E-02	1.925877E-01	1.430331E-03	6.479684E-03
9.439334E-02	1.914518E-01	1.376045E-03	6.490229E-03
9.815004E-02	1.855811E-01	1.300401E-03	6.513248E-03
1.020563E-01	1.835662E-01	1.234397E-03	6.557197E-03
1.061179E-01	1.816709E-01	1.197114E-03	6.607293E-03
1.103413E-01	1.785766E-01	1.166616E-03	6.625981E-03
1.147327E-01	1.792634E-01	1.086241E-03	6.658994E-03
1.192989E-01	1.767653E-01	1.047105E-03	6.725886E-03
1.240468E-01	1.728534E-01	1.009512E-03	6.763724E-03
1.289836E-01	1.728183E-01	9.649933E-04	6.802444E-03
1.341170E-01	1.731548E-01	9.349502E-04	6.866325E-03
1.394546E-01	1.727395E-01	8.889420E-04	6.916399E-03
1.450047E-01	1.712672E-01	8.661412E-04	6.990199E-03
1.507756E-01	1.701057E-01	8.143215E-04	7.046546E-03
1.567763E-01	1.704827E-01	7.909827E-04	7.126678E-03
1.630157E-01	1.695973E-01	7.589496E-04	7.183747E-03
1.695035E-01	1.699613E-01	7.225380E-04	7.281151E-03
1.762495E-01	1.693218E-01	7.018039E-04	7.342380E-03
1.832639E-01	1.687255E-01	6.681224E-04	7.451758E-03
1.905575E-01	1.689713E-01	6.439560E-04	7.556072E-03
1.981414E-01	1.680315E-01	6.224874E-04	7.652020E-03
2.060271E-01	1.685733E-01	5.904526E-04	7.766790E-03
2.142267E-01	1.696483E-01	5.737547E-04	7.886051E-03
2.227526E-01	1.685850E-01	5.477451E-04	8.013349E-03
2.316178E-01	1.677265E-01	5.286104E-04	8.149909E-03
2.408358E-01	1.682524E-01	5.064480E-04	8.289583E-03
2.504207E-01	1.678442E-01	4.892759E-04	8.439430E-03
2.603870E-01	1.679056E-01	4.682524E-04	8.604145E-03
2.707500E-01	1.672332E-01	4.496826E-04	8.778773E-03
2.815254E-01	1.675580E-01	4.323798E-04	8.950109E-03
2.927297E-01	1.686617E-01	4.153908E-04	9.147411E-03
3.043799E-01	1.682989E-01	4.000895E-04	9.351085E-03
3.164937E-01	1.679542E-01	3.846340E-04	9.566782E-03
3.290897E-01	1.673580E-01	3.701867E-04	9.782769E-03
3.421869E-01	1.672638E-01	3.544033E-04	1.003491E-02
3.558054E-01	1.682708E-01	3.435269E-04	1.029079E-02
3.699659E-01	1.682748E-01	3.340355E-04	1.057474E-02
3.846899E-01	1.675308E-01	3.269578E-04	1.088595E-02
4.000000E-01	1.673584E-01	4.549737E-04	1.114333E-02
