# I(Q)
#Q (1/A)        I (1/cm)        dI (1/cm)       dQ (1/A)
6.000000E-03	7.143620E-01	4.102858E-02	1.194351E-03
6.293041E-03	6.326302E-01	2.573994E-02	1.200308E-03
6.600394E-03	6.346895E-01	2.315859E-02	1.214398E-03
6.922758E-03	6.186281E-01	2.014526E-02	1.223054E-03
7.260867E-03	6.234816E-01	1.979902E-02	1.217702E-03
7.615488E-03	5.893673E-01	1.717058E-02	1.226194E-03
7.987430E-03	5.904047E-01	1.663869E-02	1.227023E-03
8.377537E-03	5.910194E-01	1.531737E-02	1.227307E-03
8.786697E-03	5.689735E-01	1.442045E-02	1.225266E-03
9.215841E-03	5.433725E-01	1.337998E-02	1.230937E-03
9.665944E-03	5.566582E-01	1.246562E-02	1.235543E-03
1.013803E-02	5.607272E-01	1.217403E-02	1.232747E-03
1.063317E-02	5.156299E-01	1.127056E-02	1.232411E-03
1.115250E-02	5.296963E-01	1.062487E-02	1.236156E-03
1.169719E-02	5.340272E-01	1.023280E-02	1.233200E-03
1.226848E-02	5.284363E-01	9.477221E-03	1.239496E-03
1.286767E-02	5.234206E-01	9.002956E-03	1.236700E-03
1.349613E-02	5.197916E-01	8.528397E-03	1.239196E-03
1.415529E-02	5.123059E-01	8.003324E-03	1.245504E-03
1.484663E-02	4.997515E-01	7.615270E-03	1.243061E-03
1.557174E-02	5.096724E-01	7.329731E-03	1.242727E-03
1.633227E-02	5.112362E-01	6.904023E-03	1.247367E-03
1.712994E-02	4.947878E-01	6.571863E-03	1.247731E-03
1.796657E-02	5.029779E-01	6.170909E-03	1.251044E-03
1.884406E-02	4.841498E-01	5.825819E-03	1.251270E-03
1.976441E-02	4.853727E-01	5.609597E-03	1.255517E-03
2.072970E-02	4.727808E-01	5.276514E-03	1.259346E-03
2.174214E-02	4.739541E-01	5.020485E-03	1.260118E-03
2.280403E-02	4.814322E-01	4.782208E-03	1.263881E-03
2.391779E-02	4.863325E-01	4.547282E-03	1.268178E-03
2.508593E-02	4.685760E-01	4.276901E-03	1.272040E-03
2.631113E-02	4.720298E-01	4.102189E-03	1.275722E-03
2.759617E-02	4.692576E-01	3.874638E-03	1.279471E-03
2.894398E-02	4.599643E-01	3.674989E-03	1.285118E-03
3.035760E-02	4.593896E-01	3.480847E-03	1.291414E-03
3.184027E-02	4.577863E-01	3.304094E-03	1.295780E-03
3.339536E-02	4.437784E-01	3.107572E-03	1.303668E-03
3.502639E-02	4.476210E-01	2.968400E-03	1.311432E-03
3.673708E-02	4.315112E-01	2.791249E-03	1.319247E-03
3.853133E-02	4.266585E-01	2.647155E-03	1.328293E-03
4.041320E-02	4.223187E-01	2.501989E-03	1.337250E-03
4.238699E-02	4.150515E-01	2.364987E-03	1.347663E-03
4.445718E-02	4.110327E-01	2.241990E-03	1.358730E-03
4.662847E-02	3.904982E-01	2.092191E-03	1.371477E-03
4.890581E-02	3.909302E-01	1.990140E-03	1.385430E-03
5.129438E-02	3.829923E-01	1.879620E-03	1.399590E-03
5.379961E-02	3.733855E-01	1.771213E-03	1.415538E-03
5.642719E-02	3.665820E-01	1.676521E-03	1.433648E-03
5.918310E-02	3.594804E-01	1.586519E-03	1.452905E-03
6.144700E-02	3.477884E-01	2.824171E-03	6.229397E-03
6.207361E-02	3.449017E-01	1.501940E-03	1.476061E-03
6.389249E-02	3.365223E-01	2.634682E-03	6.335363E-03
6.643531E-02	3.362155E-01	2.593628E-03	6.283195E-03
6.907933E-02	3.300348E-01	2.367531E-03	6.329805E-03
7.182858E-02	3.239675E-01	2.336390E-03	6.344227E-03
7.468724E-02	3.162312E-01	2.169460E-03	6.348862E-03
7.765968E-02	3.087666E-01	2.134307E-03	6.373641E-03
8.075041E-02	3.136292E-01	2.041660E-03	6.418024E-03
8.396415E-02	3.064286E-01	1.909486E-03	6.430113E-03
8.730579E-02	3.028441E-01	1.856774E-03	6.421237E-03
9.078042E-02	2.979708E-01	1.787000E-03	6.477905E-03
9.439334E-02	2.966763E-01	1.721359E-03	6.498158E-03
9.815004E-02	2.966185E-01	1.640066E-03	6.516406E-03
1.020563E-01	2.929837E-01	1.555645E-03	6.558841E-03
1.061179E-01	2.885231E-01	1.505418E-03	6.609496E-03
1.103413E-01	2.881900E-01	1.473467E-03	6.630376E-03
1.147327E-01	2.883040E-01	1.372125E-03	6.660160E-03
1.192989E-01	2.864460E-01	1.324520E-03	6.729507E-03
1.240468E-01	2.858724E-01	1.284024E-03	6.768688E-03
1.289836E-01	2.837098E-01	1.225488E-03	6.802898E-03
1.341170E-01	2.840180E-01	1.186638E-03	6.868592E-03
1.394546E-01	2.830162E-01	1.128065E-03	6.916618E-03
1.450047E-01	2.791507E-01	1.096422E-03	6.989655E-03
1.507756E-01	2.813133E-01	1.036102E-03	7.044519E-03
1.567763E-01	2.814149E-01	1.005751E-03	7.128656E-03
1.630157E-01	2.810394E-01	9.665503E-04	7.186377E-03
1.695035E-01	2.809758E-01	9.198914E-04	7.287123E-03
1.762495E-01	2.812768E-01	8.943471E-04	7.347338E-03
1.832639E-01	2.791707E-01	8.503449E-04	7.453883E-03
1.905575E-01	2.796242E-01	8.200322E-04	7.559655E-03
1.981414E-01	2.799640E-01	7.941717E-04	7.655386E-03
2.060271E-01	2.786844E-01	7.519190E-04	7.769760E-03
2.142267E-01	2.787786E-01	7.294272E-04	7.885602E-03
2.227526E-01	2.785782E-01	6.977273E-04	8.016235E-03
2.316178E-01	2.802229E-01	6.754608E-04	8.153118E-03
2.408358E-01	2.791187E-01	6.461358E-04	8.295120E-03
2.504207E-01	2.791855E-01	6.242296E-04	8.444190E-03
2.603870E-01	2.784532E-01	5.970936E-04	8.606851E-03
2.707500E-01	2.786621E-01	5.741465E-04	8.782424E-03
2.815254E-01	2.782141E-01	5.516711E-04	8.953025E-03
2.927297E-01	2.785484E-01	5.294228E-04	9.152261E-03
3.043799E-01	2.778951E-01	5.097854E-04	9.353597E-03
3.164937E-01	2.769976E-01	4.897951E-04	9.571191E-03
3.290897E-01	2.782760E-01	4.726774E-04	9.785647E-03
3.421869E-01	2.775916E-01	4.521827E-04	1.003952E-02
3.558054E-01	2.774704E-01	4.376046E-04	1.029167E-02
3.699659E-01	2.774725E-01	4.254971E-04	1.057743E-02
3.846899E-01	2.767890E-01	4.166640E-04	1.088784E-02
4.000000E-01	2.766063E-01	5.797338E-04	1.114529E-02
