# I(Q)
#Q (1/A)        I (1/cm)        dI (1/cm)       dQ (1/A)
6.000000E-03	1.640436E+01	3.101780E-01	1.181525E-03
6.293041E-03	1.545590E+01	1.843318E-01	1.200606E-03
6.600394E-03	1.484861E+01	1.691904E-01	1.201852E-03
6.922758E-03	1.415431E+01	1.469048E-01	1.205399E-03
7.260867E-03	1.397434E+01	1.372113E-01	1.210907E-03
7.615488E-03	1.339977E+01	1.283422E-01	1.216172E-03
7.987430E-03	1.302442E+01	1.202663E-01	1.213346E-03
8.377537E-03	1.247947E+01	1.122312E-01	1.217282E-03
8.786697E-03	1.250592E+01	1.064026E-01	1.214615E-03
9.215841E-03	1.244991E+01	1.019780E-01	1.216840E-03
9.665944E-03	1.196226E+01	9.506627E-02	1.212768E-03
1.013803E-02	1.182181E+01	9.034345E-02	1.219429E-03
1.063317E-02	1.185774E+01	8.582193E-02	1.218079E-03
1.115250E-02	1.174460E+01	8.189046E-02	1.218924E-03
1.169719E-02	1.163981E+01	7.734424E-02	1.217632E-03
1.226848E-02	1.176855E+01	7.375105E-02	1.223290E-03
1.286767E-02	1.180651E+01	7.112103E-02	1.222093E-03
1.349613E-02	1.183338E+01	6.807431E-02	1.220129E-03
1.415529E-02	1.196574E+01	6.480469E-02	1.222977E-03
1.484663E-02	1.206524E+01	6.176417E-02	1.226630E-03
1.557174E-02	1.223790E+01	5.963193E-02	1.227710E-03
1.633227E-02	1.236243E+01	5.727790E-02	1.227800E-03
1.712994E-02	1.247540E+01	5.453461E-02	1.230848E-03
1.796657E-02	1.285929E+01	5.285982E-02	1.230134E-03
1.884406E-02	1.310179E+01	5.087071E-02	1.233616E-03
1.976441E-02	1.352798E+01	4.935187E-02	1.238110E-03
2.072970E-02	1.395366E+01	4.789952E-02	1.239659E-03
2.174214E-02	1.432995E+01	4.611147E-02	1.240049E-03
2.280403E-02	1.491273E+01	4.522917E-02	1.243994E-03
2.391779E-02	1.550755E+01	4.370741E-02	1.246499E-03
2.508593E-02	1.631104E+01	4.265317E-02	1.251912E-03
2.631113E-02	1.703730E+01	4.155762E-02	1.255110E-03
2.759617E-02	1.812271E+01	4.078428E-02	1.259950E-03
2.894398E-02	1.923975E+01	4.007717E-02	1.263907E-03
3.035760E-02	2.059207E+01	3.936735E-02	1.269255E-03
3.184027E-02	2.215387E+01	3.909232E-02	1.274353E-03
3.339536E-02	2.369317E+01	3.830645E-02	1.281059E-03
3.502639E-02	2.548083E+01	3.801859E-02	1.288735E-03
3.673708E-02	2.722231E+01	3.752295E-02	1.295858E-03
3.853133E-02	2.888761E+01	3.675027E-02	1.302849E-03
4.041320E-02	3.000354E+01	3.575903E-02	1.312696E-03
4.238699E-02	3.047835E+01	3.429715E-02	1.322433E-03
4.445718E-02	2.979933E+01	3.240697E-02	1.332666E-03
4.662847E-02	2.826555E+01	3.001310E-02	1.344079E-03
4.890581E-02	2.563112E+01	2.724788E-02	1.357387E-03
5.129438E-02	2.244331E+01	2.431164E-02	1.371675E-03
5.379961E-02	1.900116E+01	2.130157E-02	1.386039E-03
5.642719E-02	1.579831E+01	1.859830E-02	1.403327E-03
5.918310E-02	1.287927E+01	1.603724E-02	1.422385E-03
6.144700E-02	1.090195E+01	1.947448E-02	6.193841E-03
6.207361E-02	1.053046E+01	1.400938E-02	1.448205E-03
6.389249E-02	9.452111E+00	1.691436E-02	6.310235E-03
6.643531E-02	7.966749E+00	1.530265E-02	6.267529E-03
6.907933E-02	6.817711E+00	1.327244E-02	6.284538E-03
7.182858E-02	5.666641E+00	1.194110E-02	6.313823E-03
7.468724E-02	4.867922E+00	1.024897E-02	6.325907E-03
7.765968E-02	4.020217E+00	9.378811E-03	6.347125E-03
8.075041E-02	3.493085E+00	8.314665E-03	6.391830E-03
8.396415E-02	2.929181E+00	7.198413E-03	6.405451E-03
8.730579E-02	2.499235E+00	6.527705E-03	6.404102E-03
9.078042E-02	2.146901E+00	5.882687E-03	6.453123E-03
9.439334E-02	1.838695E+00	5.247998E-03	6.480762E-03
9.815004E-02	1.601643E+00	4.766703E-03	6.492242E-03
1.020563E-01	1.380482E+00	4.218363E-03	6.540189E-03
1.061179E-01	1.204350E+00	3.860513E-03	6.589531E-03
1.103413E-01	1.065098E+00	3.602688E-03	6.611191E-03
1.147327E-01	9.480446E-01	3.188601E-03	6.645348E-03
1.192989E-01	8.492124E-01	2.957681E-03	6.722817E-03
1.240468E-01	7.733803E-01	2.746047E-03	6.752335E-03
1.289836E-01	7.105322E-01	2.548150E-03	6.797519E-03
1.341170E-01	6.559090E-01	2.398499E-03	6.855908E-03
1.394546E-01	6.189799E-01	2.219320E-03	6.912263E-03
1.450047E-01	5.865905E-01	2.113149E-03	6.984016E-03
1.507756E-01	5.584346E-01	1.972089E-03	7.044651E-03
1.567763E-01	5.307030E-01	1.871755E-03	7.123219E-03
1.630157E-01	5.134843E-01	1.778756E-03	7.179922E-03
1.695035E-01	4.950390E-01	1.675475E-03	7.276453E-03
1.762495E-01	4.774233E-01	1.603035E-03	7.345787E-03
1.832639E-01	4.621417E-01	1.507361E-03	7.452217E-03
1.905575E-01	4.476398E-01	1.440648E-03	7.551640E-03
1.981414E-01	4.312834E-01	1.373167E-03	7.648595E-03
2.060271E-01	4.186168E-01	1.294479E-03	7.768917E-03
2.142267E-01	4.055531E-01	1.238179E-03	7.888124E-03
2.227526E-01	3.966141E-01	1.174667E-03	8.014575E-03
2.316178E-01	3.846504E-01	1.126933E-03	8.147273E-03
2.408358E-01	3.793871E-01	1.071510E-03	8.288143E-03
2.504207E-01	3.688637E-01	1.026236E-03	8.442144E-03
2.603870E-01	3.632477E-01	9.770431E-04	8.602969E-03
2.707500E-01	3.566687E-01	9.331956E-04	8.777798E-03
2.815254E-01	3.505323E-01	8.921304E-04	8.950765E-03
2.927297E-01	3.442943E-01	8.519563E-04	9.146467E-03
3.043799E-01	3.397575E-01	8.154643E-04	9.354348E-03
3.164937E-01	3.348203E-01	7.811919E-04	9.569079E-03
3.290897E-01	3.296871E-01	7.486398E-04	9.785726E-03
3.421869E-01	3.261308E-01	7.149166E-04	1.003491E-02
3.558054E-01	3.224243E-01	6.887654E-04	1.029013E-02
3.699659E-01	3.185255E-01	6.664183E-04	1.057775E-02
3.846899E-01	3.153393E-01	6.511963E-04	1.088853E-02
4.000000E-01	3.125835E-01	9.052549E-04	1.114224E-02
