# I(Q)
#Q (1/A)        I (1/cm)        dI (1/cm)       dQ (1/A)
6.000000E-03	1.068357E+00	6.250710E-02	1.185608E-03
6.293041E-03	9.701605E-01	3.660238E-02	1.206411E-03
6.600394E-03	9.761122E-01	3.349322E-02	1.209383E-03
6.922758E-03	9.660788E-01	2.926123E-02	1.216499E-03
7.260867E-03	9.404598E-01	2.683633E-02	1.220321E-03
7.615488E-03	9.413867E-01	2.482961E-02	1.228908E-03
7.987430E-03	9.412687E-01	2.313359E-02	1.228355E-03
8.377537E-03	9.087648E-01	2.169606E-02	1.229587E-03
8.786697E-03	9.287636E-01	2.049786E-02	1.230673E-03
9.215841E-03	9.008131E-01	1.911873E-02	1.233094E-03
9.665944E-03	8.874911E-01	1.795832E-02	1.227968E-03
1.013803E-02	8.596993E-01	1.683370E-02	1.237254E-03
1.063317E-02	9.048441E-01	1.632922E-02	1.231969E-03
1.115250E-02	8.684428E-01	1.509998E-02	1.235907E-03
1.169719E-02	8.531019E-01	1.426337E-02	1.235030E-03
1.226848E-02	8.555717E-01	1.337241E-02	1.241111E-03
1.286767E-02	8.454764E-01	1.290595E-02	1.239791E-03
1.349613E-02	8.564152E-01	1.224845E-02	1.238002E-03
1.415529E-02	8.402287E-01	1.151204E-02	1.242012E-03
1.484663E-02	8.426761E-01	1.090403E-02	1.245078E-03
1.557174E-02	8.433304E-01	1.040739E-02	1.247979E-03
1.633227E-02	8.571120E-01	9.981173E-03	1.245989E-03
1.712994E-02	8.431019E-01	9.372457E-03	1.250092E-03
1.796657E-02	8.277863E-01	8.840589E-03	1.250085E-03
1.884406E-02	8.419448E-01	8.498481E-03	1.252819E-03
1.976441E-02	8.211840E-01	8.008237E-03	1.256657E-03
2.072970E-02	8.216952E-01	7.626401E-03	1.258776E-03
2.174214E-02	8.377914E-01	7.305572E-03	1.261154E-03
2.280403E-02	8.385972E-01	7.007420E-03	1.264013E-03
2.391779E-02	8.164119E-01	6.597969E-03	1.267161E-03
2.508593E-02	8.182921E-01	6.258237E-03	1.272326E-03
2.631113E-02	8.218029E-01	5.940634E-03	1.275541E-03
2.759617E-02	8.233932E-01	5.643554E-03	1.280735E-03
2.894398E-02	8.018729E-01	5.352415E-03	1.284644E-03
3.035760E-02	7.968881E-01	5.044626E-03	1.291612E-03
3.184027E-02	7.874564E-01	4.819723E-03	1.297315E-03
3.339536E-02	7.876946E-01	4.537169E-03	1.304059E-03
3.502639E-02	7.714759E-01	4.303577E-03	1.312003E-03
3.673708E-02	7.667993E-01	4.087725E-03	1.319686E-03
3.853133E-02	7.579717E-01	3.866849E-03	1.327492E-03
4.041320E-02	7.402130E-01	3.654166E-03	1.338152E-03
4.238699E-02	7.358683E-01	3.458755E-03	1.348496E-03
4.445718E-02	7.155945E-01	3.266944E-03	1.359618E-03
4.662847E-02	7.130263E-01	3.096440E-03	1.371784E-03
4.890581E-02	7.022193E-01	2.932732E-03	1.385676E-03
5.129438E-02	6.857785E-01	2.764438E-03	1.400340E-03
5.379961E-02	6.711775E-01	2.605723E-03	1.416011E-03
5.642719E-02	6.579313E-01	2.468970E-03	1.433984E-03
5.683323E-02	6.560214E-01	6.057211E-03	6.252024E-03
5.909511E-02	6.433311E-01	5.551367E-03	6.281983E-03
5.918310E-02	6.437325E-01	2.328450E-03	1.452950E-03
6.144700E-02	6.428686E-01	5.551376E-03	6.220891E-03
6.389249E-02	6.262509E-01	5.163411E-03	6.340056E-03
6.643531E-02	6.210087E-01	5.047186E-03	6.287176E-03
6.907933E-02	6.095899E-01	4.717636E-03	6.316394E-03
7.182858E-02	5.994311E-01	4.609041E-03	6.340866E-03
7.468724E-02	5.895811E-01	4.246989E-03	6.355225E-03
7.765968E-02	5.683844E-01	4.215469E-03	6.369686E-03
8.075041E-02	5.638982E-01	3.977391E-03	6.412122E-03
8.396415E-02	5.647544E-01	3.753052E-03	6.424308E-03
8.730579E-02	5.563526E-01	3.646076E-03	6.421076E-03
9.078042E-02	5.483209E-01	3.511727E-03	6.482229E-03
9.439334E-02	5.448868E-01	3.354295E-03	6.496771E-03
9.815004E-02	5.416409E-01	3.231399E-03	6.506851E-03
1.020563E-01	5.265101E-01	3.033578E-03	6.559252E-03
1.061179E-01	5.208923E-01	2.930004E-03	6.607570E-03
1.103413E-01	5.203386E-01	2.881440E-03	6.624557E-03
1.147327E-01	5.171913E-01	2.676867E-03	6.661725E-03
1.192989E-01	5.107375E-01	2.587001E-03	6.732835E-03
1.240468E-01	5.102218E-01	2.492495E-03	6.763062E-03
1.289836E-01	5.069483E-01	2.386160E-03	6.808903E-03
1.341170E-01	5.075360E-01	2.320327E-03	6.863586E-03
1.394546E-01	5.057315E-01	2.190854E-03	6.918096E-03
1.450047E-01	5.028732E-01	2.125229E-03	6.984128E-03
1.507756E-01	5.031295E-01	2.020452E-03	7.049833E-03
1.567763E-01	4.992700E-01	1.949094E-03	7.126573E-03
1.630157E-01	4.970004E-01	1.872703E-03	7.183852E-03
1.695035E-01	4.961885E-01	1.786849E-03	7.279986E-03
1.762495E-01	4.983473E-01	1.734655E-03	7.344783E-03
1.832639E-01	4.987448E-01	1.650833E-03	7.453568E-03
1.905575E-01	4.945721E-01	1.591856E-03	7.555108E-03
1.981414E-01	4.936671E-01	1.535963E-03	7.651079E-03
2.060271E-01	4.934780E-01	1.463185E-03	7.773488E-03
2.142267E-01	4.914292E-01	1.413273E-03	7.884636E-03
2.227526E-01	4.951380E-01	1.353929E-03	8.016292E-03
2.316178E-01	4.929106E-01	1.311281E-03	8.148027E-03
2.408358E-01	4.913018E-01	1.251216E-03	8.290452E-03
2.504207E-01	4.933955E-01	1.211555E-03	8.442969E-03
2.603870E-01	4.971215E-01	1.162255E-03	8.605096E-03
2.707500E-01	4.938866E-01	1.114690E-03	8.776919E-03
2.815254E-01	4.951135E-01	1.072609E-03	8.949379E-03
2.927297E-01	4.932919E-01	1.029350E-03	9.146808E-03
3.043799E-01	4.935136E-01	9.895196E-04	9.355163E-03
3.164937E-01	4.931394E-01	9.524945E-04	9.567675E-03
3.290897E-01	4.909013E-01	9.159208E-04	9.786303E-03
3.421869E-01	4.921435E-01	8.785332E-04	1.003247E-02
3.558054E-01	4.918935E-01	8.495313E-04	1.028815E-02
3.699659E-01	4.909932E-01	8.247467E-04	1.057533E-02
3.846899E-01	4.912839E-01	8.087709E-04	1.088659E-02
4.000000E-01	4.903140E-01	1.126596E-03	1.114064E-02
