# I(Q)
#Q (1/A)        I (1/cm)        dI (1/cm)       dQ (1/A)
6.000000E-03	1.626302E+00	7.475299E-02	1.180433E-03
6.293041E-03	1.523332E+00	4.391486E-02	1.200498E-03
6.600394E-03	1.608963E+00	4.120718E-02	1.202459E-03
6.922758E-03	1.491909E+00	3.530273E-02	1.208321E-03
7.260867E-03	1.412599E+00	3.216472E-02	1.212699E-03
7.615488E-03	1.417447E+00	3.010255E-02	1.220146E-03
7.987430E-03	1.342091E+00	2.768505E-02	1.221687E-03
8.377537E-03	1.341332E+00	2.627551E-02	1.221907E-03
8.786697E-03	1.328809E+00	2.461671E-02	1.220992E-03
9.215841E-03	1.292101E+00	2.309461E-02	1.224210E-03
9.665944E-03	1.305237E+00	2.192773E-02	1.217621E-03
1.013803E-02	1.210914E+00	2.022633E-02	1.227604E-03
1.063317E-02	1.248784E+00	1.950802E-02	1.225091E-03
1.115250E-02	1.225740E+00	1.829622E-02	1.226521E-03
1.169719E-02	1.213841E+00	1.733266E-02	1.224822E-03
1.226848E-02	1.200895E+00	1.616834E-02	1.231349E-03
1.286767E-02	1.185802E+00	1.556766E-02	1.229892E-03
1.349613E-02	1.184193E+00	1.475578E-02	1.229363E-03
1.415529E-02	1.182894E+00	1.395423E-02	1.231151E-03
1.484663E-02	1.152280E+00	1.310319E-02	1.234317E-03
1.557174E-02	1.159474E+00	1.253220E-02	1.238024E-03
1.633227E-02	1.144649E+00	1.189993E-02	1.237012E-03
1.712994E-02	1.127247E+00	1.119309E-02	1.240472E-03
1.796657E-02	1.125497E+00	1.064251E-02	1.240015E-03
1.884406E-02	1.119975E+00	1.013831E-02	1.243383E-03
1.976441E-02	1.105456E+00	9.606223E-03	1.247020E-03
2.072970E-02	1.106552E+00	9.156348E-03	1.248473E-03
2.174214E-02	1.092669E+00	8.668426E-03	1.250421E-03
2.280403E-02	1.062798E+00	8.227880E-03	1.255081E-03
2.391779E-02	1.044495E+00	7.762200E-03	1.257835E-03
2.508593E-02	1.048725E+00	7.372257E-03	1.262570E-03
2.631113E-02	1.014776E+00	6.910868E-03	1.266285E-03
2.759617E-02	1.015459E+00	6.563384E-03	1.271567E-03
2.894398E-02	9.913610E-01	6.225696E-03	1.275995E-03
3.035760E-02	9.793763E-01	5.856838E-03	1.281340E-03
3.184027E-02	9.387840E-01	5.526500E-03	1.287013E-03
3.339536E-02	9.220865E-01	5.174491E-03	1.294314E-03
3.502639E-02	8.803861E-01	4.858483E-03	1.302825E-03
3.673708E-02	8.578314E-01	4.581133E-03	1.310348E-03
3.853133E-02	8.234655E-01	4.286679E-03	1.318664E-03
4.041320E-02	7.935490E-01	4.032506E-03	1.328965E-03
4.238699E-02	7.685858E-01	3.780130E-03	1.339465E-03
4.445718E-02	7.316595E-01	3.542382E-03	1.350410E-03
4.662847E-02	6.859357E-01	3.283154E-03	1.363462E-03
4.890581E-02	6.433786E-01	3.054809E-03	1.377847E-03
5.129438E-02	6.093933E-01	2.845485E-03	1.392984E-03
5.379961E-02	5.740340E-01	2.648350E-03	1.408857E-03
5.642719E-02	5.318749E-01	2.458427E-03	1.427133E-03
5.683323E-02	5.253476E-01	3.649282E-03	6.371335E-03
5.909511E-02	5.010846E-01	3.264009E-03	6.387360E-03
5.918310E-02	4.963168E-01	2.280644E-03	1.446437E-03
6.144700E-02	4.793286E-01	3.229136E-03	6.330995E-03
6.389249E-02	4.536444E-01	2.898181E-03	6.445609E-03
6.643531E-02	4.402137E-01	2.831577E-03	6.396303E-03
6.907933E-02	4.245720E-01	2.600889E-03	6.413740E-03
7.182858E-02	4.010195E-01	2.489046E-03	6.459853E-03
7.468724E-02	3.840387E-01	2.250938E-03	6.459949E-03
7.765968E-02	3.686356E-01	2.214375E-03	6.488266E-03
8.075041E-02	3.554163E-01	2.057209E-03	6.530220E-03
8.396415E-02	3.302178E-01	1.866604E-03	6.540671E-03
8.730579E-02	3.274574E-01	1.821459E-03	6.533996E-03
9.078042E-02	3.151691E-01	1.722398E-03	6.586924E-03
9.439334E-02	3.061603E-01	1.627567E-03	6.610132E-03
9.815004E-02	2.964648E-01	1.550205E-03	6.624936E-03
1.020563E-01	2.841868E-01	1.432208E-03	6.678388E-03
1.061179E-01	2.811369E-01	1.383578E-03	6.720447E-03
1.103413E-01	2.737602E-01	1.345035E-03	6.741231E-03
1.147327E-01	2.687187E-01	1.238993E-03	6.775184E-03
1.192989E-01	2.649487E-01	1.191533E-03	6.849487E-03
1.240468E-01	2.614635E-01	1.144820E-03	6.875506E-03
1.289836E-01	2.607447E-01	1.098503E-03	6.925786E-03
1.341170E-01	2.593080E-01	1.062869E-03	6.985664E-03
1.394546E-01	2.561707E-01	1.002645E-03	7.035036E-03
1.450047E-01	2.553327E-01	9.728367E-04	7.110868E-03
1.507756E-01	2.547603E-01	9.256471E-04	7.171828E-03
1.567763E-01	2.534725E-01	8.934919E-04	7.247330E-03
1.630157E-01	2.529408E-01	8.596539E-04	7.307542E-03
1.695035E-01	2.510387E-01	8.166343E-04	7.404142E-03
1.762495E-01	2.508006E-01	7.934315E-04	7.470166E-03
1.832639E-01	2.502311E-01	7.541049E-04	7.581562E-03
1.905575E-01	2.485276E-01	7.263683E-04	7.685381E-03
1.981414E-01	2.506123E-01	7.063274E-04	7.782320E-03
2.060271E-01	2.508763E-01	6.729068E-04	7.905481E-03
2.142267E-01	2.492175E-01	6.495356E-04	8.025932E-03
2.227526E-01	2.499814E-01	6.229078E-04	8.148709E-03
2.316178E-01	2.490118E-01	6.028214E-04	8.286094E-03
2.408358E-01	2.503763E-01	5.782187E-04	8.430480E-03
2.504207E-01	2.516220E-01	5.610498E-04	8.584546E-03
2.603870E-01	2.501971E-01	5.364221E-04	8.747017E-03
2.707500E-01	2.493140E-01	5.148662E-04	8.924075E-03
2.815254E-01	2.503662E-01	4.971033E-04	9.097245E-03
2.927297E-01	2.509329E-01	4.785876E-04	9.302331E-03
3.043799E-01	2.509640E-01	4.603538E-04	9.510589E-03
3.164937E-01	2.522366E-01	4.456076E-04	9.726160E-03
3.290897E-01	2.521288E-01	4.295115E-04	9.947175E-03
3.421869E-01	2.513032E-01	4.116621E-04	1.020101E-02
3.558054E-01	2.521780E-01	3.993077E-04	1.045933E-02
3.699659E-01	2.522838E-01	3.879883E-04	1.074516E-02
3.846899E-01	2.510527E-01	3.791563E-04	1.105718E-02
4.000000E-01	2.511333E-01	5.275151E-04	1.131728E-02
