# I(Q)
#Q (1/A)        I (1/cm)        dI (1/cm)       dQ (1/A)
6.000000E-03	2.259155E+01	3.759104E-01	1.177288E-03
6.293041E-03	2.165366E+01	2.252221E-01	1.199563E-03
6.600394E-03	2.123846E+01	2.088958E-01	1.201261E-03
6.922758E-03	2.025321E+01	1.813699E-01	1.206554E-03
7.260867E-03	1.988995E+01	1.689563E-01	1.212356E-03
7.615488E-03	1.946582E+01	1.596434E-01	1.215773E-03
7.987430E-03	1.877732E+01	1.491203E-01	1.215428E-03
8.377537E-03	1.845181E+01	1.408764E-01	1.216154E-03
8.786697E-03	1.848183E+01	1.335683E-01	1.216131E-03
9.215841E-03	1.809877E+01	1.270468E-01	1.217592E-03
9.665944E-03	1.790876E+01	1.201759E-01	1.213436E-03
1.013803E-02	1.761164E+01	1.139469E-01	1.219572E-03
1.063317E-02	1.764844E+01	1.081721E-01	1.218293E-03
1.115250E-02	1.760594E+01	1.035982E-01	1.220045E-03
1.169719E-02	1.750675E+01	9.801507E-02	1.216941E-03
1.226848E-02	1.762827E+01	9.334773E-02	1.223797E-03
1.286767E-02	1.765330E+01	8.990798E-02	1.222732E-03
1.349613E-02	1.777292E+01	8.627252E-02	1.221250E-03
1.415529E-02	1.782930E+01	8.181637E-02	1.223481E-03
1.484663E-02	1.813486E+01	7.831916E-02	1.226454E-03
1.557174E-02	1.833194E+01	7.550243E-02	1.229062E-03
1.633227E-02	1.864574E+01	7.277943E-02	1.228171E-03
1.712994E-02	1.900009E+01	6.963934E-02	1.231150E-03
1.796657E-02	1.915178E+01	6.677583E-02	1.229549E-03
1.884406E-02	1.982141E+01	6.476183E-02	1.234041E-03
1.976441E-02	2.029024E+01	6.257567E-02	1.238181E-03
2.072970E-02	2.089513E+01	6.070097E-02	1.240142E-03
2.174214E-02	2.159325E+01	5.861666E-02	1.240625E-03
2.280403E-02	2.250257E+01	5.755114E-02	1.243544E-03
2.391779E-02	2.333835E+01	5.554635E-02	1.247255E-03
2.508593E-02	2.436395E+01	5.401888E-02	1.252079E-03
2.631113E-02	2.554842E+01	5.274877E-02	1.255371E-03
2.759617E-02	2.677071E+01	5.139283E-02	1.260273E-03
2.894398E-02	2.817166E+01	5.028809E-02	1.263430E-03
3.035760E-02	2.949399E+01	4.886987E-02	1.269296E-03
3.184027E-02	3.071196E+01	4.775292E-02	1.274613E-03
3.339536E-02	3.187638E+01	4.610747E-02	1.281875E-03
3.502639E-02	3.238142E+01	4.448419E-02	1.289026E-03
3.673708E-02	3.239728E+01	4.249442E-02	1.296394E-03
3.853133E-02	3.147047E+01	3.982652E-02	1.303683E-03
4.041320E-02	2.970341E+01	3.694664E-02	1.313261E-03
4.238699E-02	2.713000E+01	3.360773E-02	1.323237E-03
4.445718E-02	2.403087E+01	3.023296E-02	1.333978E-03
4.662847E-02	2.067000E+01	2.667451E-02	1.345103E-03
4.890581E-02	1.737407E+01	2.332811E-02	1.358919E-03
5.129438E-02	1.434990E+01	2.022835E-02	1.373052E-03
5.379961E-02	1.178513E+01	1.747025E-02	1.388498E-03
5.642719E-02	9.605762E+00	1.511626E-02	1.405709E-03
5.683323E-02	9.374463E+00	1.976438E-02	6.218131E-03
5.909511E-02	7.886606E+00	1.669290E-02	6.266625E-03
5.918310E-02	7.847226E+00	1.305889E-02	1.425587E-03
6.144700E-02	6.652688E+00	1.538248E-02	6.191110E-03
6.389249E-02	5.698323E+00	1.330482E-02	6.309405E-03
6.643531E-02	4.767313E+00	1.201579E-02	6.265661E-03
6.907933E-02	4.090251E+00	1.045697E-02	6.285138E-03
7.182858E-02	3.417635E+00	9.451514E-03	6.319269E-03
7.468724E-02	2.965747E+00	8.170491E-03	6.329800E-03
7.765968E-02	2.486814E+00	7.550902E-03	6.348541E-03
8.075041E-02	2.193535E+00	6.753844E-03	6.393177E-03
8.396415E-02	1.888378E+00	5.935474E-03	6.407390E-03
8.730579E-02	1.639564E+00	5.439008E-03	6.410191E-03
9.078042E-02	1.447431E+00	4.974419E-03	6.464102E-03
9.439334E-02	1.274955E+00	4.504784E-03	6.487335E-03
9.815004E-02	1.146310E+00	4.157546E-03	6.498001E-03
1.020563E-01	1.026531E+00	3.749530E-03	6.548702E-03
1.061179E-01	9.275129E-01	3.488632E-03	6.598266E-03
1.103413E-01	8.478053E-01	3.306518E-03	6.618908E-03
1.147327E-01	7.836739E-01	2.977083E-03	6.647746E-03
1.192989E-01	7.257317E-01	2.801644E-03	6.725766E-03
1.240468E-01	6.731382E-01	2.622340E-03	6.755038E-03
1.289836E-01	6.337081E-01	2.457916E-03	6.801539E-03
1.341170E-01	6.039420E-01	2.343342E-03	6.859378E-03
1.394546E-01	5.794084E-01	2.182537E-03	6.915031E-03
1.450047E-01	5.596169E-01	2.093889E-03	6.985708E-03
1.507756E-01	5.389551E-01	1.962615E-03	7.044859E-03
1.567763E-01	5.238681E-01	1.878580E-03	7.124258E-03
1.630157E-01	5.134956E-01	1.793368E-03	7.181499E-03
1.695035E-01	4.935673E-01	1.687220E-03	7.276819E-03
1.762495E-01	4.870900E-01	1.627921E-03	7.345438E-03
1.832639E-01	4.756909E-01	1.535497E-03	7.453218E-03
1.905575E-01	4.649815E-01	1.472214E-03	7.554967E-03
1.981414E-01	4.580314E-01	1.414448E-03	7.650541E-03
2.060271E-01	4.470924E-01	1.335424E-03	7.772566E-03
2.142267E-01	4.431361E-01	1.287577E-03	7.887805E-03
2.227526E-01	4.364659E-01	1.224297E-03	8.016667E-03
2.316178E-01	4.309931E-01	1.181637E-03	8.150594E-03
2.408358E-01	4.270991E-01	1.125263E-03	8.290812E-03
2.504207E-01	4.231748E-01	1.084605E-03	8.443154E-03
2.603870E-01	4.208624E-01	1.035930E-03	8.603628E-03
2.707500E-01	4.185375E-01	9.937481E-04	8.778924E-03
2.815254E-01	4.162010E-01	9.536841E-04	8.951234E-03
2.927297E-01	4.143245E-01	9.148869E-04	9.151388E-03
3.043799E-01	4.107431E-01	8.765971E-04	9.356845E-03
3.164937E-01	4.114589E-01	8.447197E-04	9.570651E-03
3.290897E-01	4.086285E-01	8.113899E-04	9.787702E-03
3.421869E-01	4.081052E-01	7.773830E-04	1.003479E-02
3.558054E-01	4.084843E-01	7.521476E-04	1.029044E-02
3.699659E-01	4.056665E-01	7.288570E-04	1.057648E-02
3.846899E-01	4.039070E-01	7.134484E-04	1.089036E-02
4.000000E-01	4.027536E-01	9.933605E-04	1.114366E-02
