# I(Q)
#Q (1/A)        I (1/cm)        dI (1/cm)       dQ (1/A)
6.000000E-03	1.643117E+00	7.942474E-02	1.187611E-03
6.293041E-03	1.575823E+00	4.691631E-02	1.206809E-03
6.600394E-03	1.517720E+00	4.244305E-02	1.207951E-03
6.922758E-03	1.618126E+00	3.830066E-02	1.215351E-03
7.260867E-03	1.530471E+00	3.505128E-02	1.220870E-03
7.615488E-03	1.503733E+00	3.252876E-02	1.223104E-03
7.987430E-03	1.557891E+00	3.074916E-02	1.225224E-03
8.377537E-03	1.487660E+00	2.894356E-02	1.226346E-03
8.786697E-03	1.581003E+00	2.775996E-02	1.225709E-03
9.215841E-03	1.518188E+00	2.595586E-02	1.230417E-03
9.665944E-03	1.511795E+00	2.451800E-02	1.223243E-03
1.013803E-02	1.505858E+00	2.324266E-02	1.230030E-03
1.063317E-02	1.503812E+00	2.212612E-02	1.228412E-03
1.115250E-02	1.491338E+00	2.088542E-02	1.231677E-03
1.169719E-02	1.463589E+00	1.967542E-02	1.229421E-03
1.226848E-02	1.434016E+00	1.836820E-02	1.235326E-03
1.286767E-02	1.466057E+00	1.788765E-02	1.233690E-03
1.349613E-02	1.436350E+00	1.686218E-02	1.233631E-03
1.415529E-02	1.452342E+00	1.603515E-02	1.236969E-03
1.484663E-02	1.462645E+00	1.524899E-02	1.239455E-03
1.557174E-02	1.453194E+00	1.453774E-02	1.242881E-03
1.633227E-02	1.447952E+00	1.383403E-02	1.241798E-03
1.712994E-02	1.415513E+00	1.298153E-02	1.245312E-03
1.796657E-02	1.397215E+00	1.229552E-02	1.243198E-03
1.884406E-02	1.384992E+00	1.168022E-02	1.248379E-03
1.976441E-02	1.363030E+00	1.105467E-02	1.251296E-03
2.072970E-02	1.364227E+00	1.054530E-02	1.253431E-03
2.174214E-02	1.370399E+00	1.004385E-02	1.255081E-03
2.280403E-02	1.326885E+00	9.526427E-03	1.258790E-03
2.391779E-02	1.299974E+00	8.970176E-03	1.263255E-03
2.508593E-02	1.300167E+00	8.510966E-03	1.266845E-03
2.631113E-02	1.268369E+00	8.004194E-03	1.271431E-03
2.759617E-02	1.274023E+00	7.615065E-03	1.276476E-03
2.894398E-02	1.214060E+00	7.143421E-03	1.280398E-03
3.035760E-02	1.188281E+00	6.698987E-03	1.286963E-03
3.184027E-02	1.162655E+00	6.369415E-03	1.291795E-03
3.339536E-02	1.146789E+00	5.976698E-03	1.299943E-03
3.502639E-02	1.110774E+00	5.639660E-03	1.308116E-03
3.673708E-02	1.069953E+00	5.293078E-03	1.315770E-03
3.853133E-02	1.031616E+00	4.953591E-03	1.323854E-03
4.041320E-02	9.975305E-01	4.661050E-03	1.334538E-03
4.238699E-02	9.623515E-01	4.362078E-03	1.345557E-03
4.445718E-02	9.138821E-01	4.076650E-03	1.357048E-03
4.662847E-02	8.769608E-01	3.807647E-03	1.369510E-03
4.890581E-02	8.355715E-01	3.560908E-03	1.382543E-03
5.129438E-02	8.017104E-01	3.331194E-03	1.398264E-03
5.379961E-02	7.596395E-01	3.100444E-03	1.414112E-03
5.642719E-02	7.201968E-01	2.896937E-03	1.432488E-03
5.683323E-02	7.201924E-01	5.961890E-03	6.247258E-03
5.909511E-02	6.889030E-01	5.414667E-03	6.282542E-03
5.918310E-02	6.901844E-01	2.711897E-03	1.451945E-03
6.144700E-02	6.673134E-01	5.354245E-03	6.216029E-03
6.389249E-02	6.395298E-01	4.947284E-03	6.340018E-03
6.643531E-02	6.184267E-01	4.796820E-03	6.287013E-03
6.907933E-02	5.971055E-01	4.455264E-03	6.311087E-03
7.182858E-02	5.843677E-01	4.345647E-03	6.344344E-03
7.468724E-02	5.597021E-01	3.968188E-03	6.346205E-03
7.765968E-02	5.374524E-01	3.932154E-03	6.369239E-03
8.075041E-02	5.333065E-01	3.712011E-03	6.415678E-03
8.396415E-02	5.103516E-01	3.448068E-03	6.423627E-03
8.730579E-02	5.043089E-01	3.355221E-03	6.426418E-03
9.078042E-02	4.908401E-01	3.217869E-03	6.482036E-03
9.439334E-02	4.862577E-01	3.069272E-03	6.500716E-03
9.815004E-02	4.856980E-01	2.963209E-03	6.508224E-03
1.020563E-01	4.729683E-01	2.782799E-03	6.557338E-03
1.061179E-01	4.656646E-01	2.683641E-03	6.610605E-03
1.103413E-01	4.636598E-01	2.636814E-03	6.626867E-03
1.147327E-01	4.621184E-01	2.451630E-03	6.658079E-03
1.192989E-01	4.612259E-01	2.376773E-03	6.735325E-03
1.240468E-01	4.594537E-01	2.288155E-03	6.761647E-03
1.289836E-01	4.589386E-01	2.194610E-03	6.808063E-03
1.341170E-01	4.590963E-01	2.133688E-03	6.862729E-03
1.394546E-01	4.584025E-01	2.015795E-03	6.918458E-03
1.450047E-01	4.552355E-01	1.954792E-03	6.987788E-03
1.507756E-01	4.577400E-01	1.861273E-03	7.047310E-03
1.567763E-01	4.558420E-01	1.797852E-03	7.124403E-03
1.630157E-01	4.514483E-01	1.724192E-03	7.184465E-03
1.695035E-01	4.517941E-01	1.646588E-03	7.279040E-03
1.762495E-01	4.524474E-01	1.596794E-03	7.344901E-03
1.832639E-01	4.502423E-01	1.516538E-03	7.455175E-03
1.905575E-01	4.501534E-01	1.466788E-03	7.554471E-03
1.981414E-01	4.529983E-01	1.418853E-03	7.649808E-03
2.060271E-01	4.515149E-01	1.350303E-03	7.772189E-03
2.142267E-01	4.522095E-01	1.306732E-03	7.886705E-03
2.227526E-01	4.524302E-01	1.249171E-03	8.013582E-03
2.316178E-01	4.516009E-01	1.210601E-03	8.149107E-03
2.408358E-01	4.483298E-01	1.153718E-03	8.291278E-03
2.504207E-01	4.489005E-01	1.116168E-03	8.442475E-03
2.603870E-01	4.510535E-01	1.069518E-03	8.604276E-03
2.707500E-01	4.515943E-01	1.028442E-03	8.777316E-03
2.815254E-01	4.514550E-01	9.888462E-04	8.951132E-03
2.927297E-01	4.514252E-01	9.499705E-04	9.148871E-03
3.043799E-01	4.497132E-01	9.119609E-04	9.353218E-03
3.164937E-01	4.503873E-01	8.784792E-04	9.568243E-03
3.290897E-01	4.498527E-01	8.456897E-04	9.786814E-03
3.421869E-01	4.504406E-01	8.108705E-04	1.003418E-02
3.558054E-01	4.512616E-01	7.847346E-04	1.028781E-02
3.699659E-01	4.499271E-01	7.615399E-04	1.057406E-02
3.846899E-01	4.476689E-01	7.453136E-04	1.088520E-02
4.000000E-01	4.461151E-01	1.037798E-03	1.114205E-02
